# DATA=CS PRIOR=GAUSS
0 92.726 0.86
1 92.726 0.86
2 74.926 0.86
3 74.926 0.86
4 74.36 0.86
5 74.36 0.86
6 83.273 0.86
7 83.273 0.86
8 138.972 0.86
9 138.972 0.86
10 5.855 0.12
11 5.855 0.12
12 4.959 0.12
13 4.959 0.12
14 4.959 0.12
15 4.959 0.12
16 4.804 0.12
17 4.804 0.12
18 4.592 0.12
19 4.592 0.12
20 8.171 0.12
21 8.171 0.12
22 92.595 0.86
23 92.595 0.86
24 75.677 0.86
25 75.677 0.86
26 73.107 0.86
27 73.107 0.86
28 82.206 0.86
29 82.206 0.86
30 136.44 0.86
31 136.44 0.86
32 6.062 0.12
33 6.062 0.12
34 5.045 0.12
35 5.045 0.12
36 4.65 0.12
37 4.65 0.12
38 4.627 0.12
39 4.627 0.12
40 7.717 0.12
41 7.717 0.12
42 94.273 0.86
43 94.273 0.86
44 73.908 0.86
45 73.908 0.86
46 73.871 0.86
47 73.871 0.86
48 82.423 0.86
49 82.423 0.86
50 136.146 0.86
51 136.146 0.86
52 5.933 0.12
53 5.933 0.12
54 4.469 0.12
55 4.469 0.12
56 4.262 0.12
57 4.262 0.12
58 4.647 0.12
59 4.647 0.12
60 7.115 0.12
61 7.115 0.12
62 93.584 0.86
63 93.584 0.86
64 70.868 0.86
65 70.868 0.86
66 71.882 0.86
67 71.882 0.86
68 74.17 0.86
69 74.17 0.86
70 96.132 0.86
71 96.132 0.86
72 141.54 0.86
73 141.54 0.86
74 3.73 0.12
75 3.73 0.12
76 4.107 0.12
77 4.107 0.12
78 3.739 0.12
79 3.739 0.12
80 4.041 0.12
81 4.041 0.12
82 5.019 0.12
83 5.019 0.12
84 7.434 0.12
85 7.434 0.12
86 93.356 0.86
87 93.356 0.86
88 72.019 0.86
89 72.019 0.86
90 75.132 0.86
91 75.132 0.86
92 81.899 0.86
93 81.899 0.86
94 102.91 0.86
95 102.91 0.86
96 141.238 0.86
97 141.238 0.86
98 5.584 0.12
99 5.584 0.12
100 4.47 0.12
101 4.47 0.12
102 4.514 0.12
103 4.514 0.12
104 4.446 0.12
105 4.446 0.12
106 5.384 0.12
107 5.384 0.12
108 7.805 0.12
109 7.805 0.12
110 91.543 0.86
111 91.543 0.86
112 76.723 0.86
113 76.723 0.86
114 72.746 0.86
115 72.746 0.86
116 81.605 0.86
117 81.605 0.86
118 136.582 0.86
119 136.582 0.86
120 5.882 0.12
121 5.882 0.12
122 3.979 0.12
123 3.979 0.12
124 4.784 0.12
125 4.784 0.12
126 4.525 0.12
127 4.525 0.12
128 7.811 0.12
129 7.811 0.12
130 93.88 0.86
131 93.88 0.86
132 74.787 0.86
133 74.787 0.86
134 72.204 0.86
135 72.204 0.86
136 82.326 0.86
137 82.326 0.86
138 104.989 0.86
139 104.989 0.86
140 142.198 0.86
141 142.198 0.86
142 5.339 0.12
143 5.339 0.12
144 4.344 0.12
145 4.344 0.12
146 4.263 0.12
147 4.263 0.12
148 4.429 0.12
149 4.429 0.12
150 5.761 0.12
151 5.761 0.12
152 7.822 0.12
153 7.822 0.12
154 93.476 0.86
155 93.476 0.86
156 75.328 0.86
157 75.328 0.86
158 71.778 0.86
159 71.778 0.86
160 81.459 0.86
161 81.459 0.86
162 103.599 0.86
163 103.599 0.86
164 141.993 0.86
165 141.993 0.86
166 5.803 0.12
167 5.803 0.12
168 4.696 0.12
169 4.696 0.12
170 4.388 0.12
171 4.388 0.12
172 4.386 0.12
173 4.386 0.12
174 5.471 0.12
175 5.471 0.12
176 7.961 0.12
177 7.961 0.12
178 94.57 0.86
179 94.57 0.86
180 75.143 0.86
181 75.143 0.86
182 73.259 0.86
183 73.259 0.86
184 82.277 0.86
185 82.277 0.86
186 103.688 0.86
187 103.688 0.86
188 141.077 0.86
189 141.077 0.86
190 5.422 0.12
191 5.422 0.12
192 4.482 0.12
193 4.482 0.12
194 4.048 0.12
195 4.048 0.12
196 4.487 0.12
197 4.487 0.12
198 5.442 0.12
199 5.442 0.12
200 7.535 0.12
201 7.535 0.12
202 94.494 0.86
203 94.494 0.86
204 75.463 0.86
205 75.463 0.86
206 71.85 0.86
207 71.85 0.86
208 81.664 0.86
209 81.664 0.86
210 103.218 0.86
211 103.218 0.86
212 140.807 0.86
213 140.807 0.86
214 5.235 0.12
215 5.235 0.12
216 4.257 0.12
217 4.257 0.12
218 4.214 0.12
219 4.214 0.12
220 4.375 0.12
221 4.375 0.12
222 5.369 0.12
223 5.369 0.12
224 7.441 0.12
225 7.441 0.12
226 90.913 0.86
227 90.913 0.86
228 75.903 0.86
229 75.903 0.86
230 75.783 0.86
231 75.783 0.86
232 84.618 0.86
233 84.618 0.86
234 102.787 0.86
235 102.787 0.86
236 66.825 0.86
237 66.825 0.86
238 141.184 0.86
239 141.184 0.86
240 5.974 0.12
241 5.974 0.12
242 4.639 0.12
243 4.639 0.12
244 4.392 0.12
245 4.392 0.12
246 4.475 0.12
247 4.475 0.12
248 5.468 0.12
249 5.468 0.12
250 4.27 0.12
251 4.27 0.12
252 4.139 0.12
253 4.139 0.12
254 7.457 0.12
255 7.457 0.12
256 92.554 0.86
257 92.554 0.86
258 75.8 0.86
259 75.8 0.86
260 73.768 0.86
261 73.768 0.86
262 83.059 0.86
263 83.059 0.86
264 98.451 0.86
265 98.451 0.86
266 142.511 0.86
267 142.511 0.86
268 5.609 0.12
269 5.609 0.12
270 4.21 0.12
271 4.21 0.12
272 4.512 0.12
273 4.512 0.12
274 4.422 0.12
275 4.422 0.12
276 5.897 0.12
277 5.897 0.12
278 7.939 0.12
279 7.939 0.12
280 93.364 0.86
281 93.364 0.86
282 75.932 0.86
283 75.932 0.86
284 72.475 0.86
285 72.475 0.86
286 82.539 0.86
287 82.539 0.86
288 104.081 0.86
289 104.081 0.86
290 5.476 0.12
291 5.476 0.12
292 4.186 0.12
293 4.186 0.12
294 4.472 0.12
295 4.472 0.12
296 4.362 0.12
297 4.362 0.12
298 5.348 0.12
299 5.348 0.12
300 7.583 0.12
301 7.583 0.12
302 92.211 0.86
303 92.211 0.86
304 75.578 0.86
305 75.578 0.86
306 75.3 0.86
307 75.3 0.86
308 84.113 0.86
309 84.113 0.86
310 99.098 0.86
311 99.098 0.86
312 143.32 0.86
313 143.32 0.86
314 5.921 0.12
315 5.921 0.12
316 4.423 0.12
317 4.423 0.12
318 4.652 0.12
319 4.652 0.12
320 4.465 0.12
321 4.465 0.12
322 5.865 0.12
323 5.865 0.12
324 7.885 0.12
325 7.885 0.12
326 91.725 0.86
327 91.725 0.86
328 74.659 0.86
329 74.659 0.86
330 74.487 0.86
331 74.487 0.86
332 83.172 0.86
333 83.172 0.86
334 138.134 0.86
335 138.134 0.86
336 5.813 0.12
337 5.813 0.12
338 4.753 0.12
339 4.753 0.12
340 4.774 0.12
341 4.774 0.12
342 4.532 0.12
343 4.532 0.12
344 8.023 0.12
345 8.023 0.12
346 92.849 0.86
347 92.849 0.86
348 76.004 0.86
349 76.004 0.86
350 72.209 0.86
351 72.209 0.86
352 81.336 0.86
353 81.336 0.86
354 5.505 0.12
355 5.505 0.12
356 4.399 0.12
357 4.399 0.12
358 4.427 0.12
359 4.427 0.12
360 4.383 0.12
361 4.383 0.12
362 5.494 0.12
363 5.494 0.12
364 7.664 0.12
365 7.664 0.12
366 93.527 0.86
367 93.527 0.86
368 75.335 0.86
369 75.335 0.86
370 72.279 0.86
371 72.279 0.86
372 81.834 0.86
373 81.834 0.86
374 104.135 0.86
375 104.135 0.86
376 143.449 0.86
377 143.449 0.86
378 5.563 0.12
379 5.563 0.12
380 4.701 0.12
381 4.701 0.12
382 4.575 0.12
383 4.575 0.12
384 4.442 0.12
385 4.442 0.12
386 5.443 0.12
387 5.443 0.12
388 7.818 0.12
389 7.818 0.12
390 92.59 0.86
391 92.59 0.86
392 75.255 0.86
393 75.255 0.86
394 72.803 0.86
395 72.803 0.86
396 81.864 0.86
397 81.864 0.86
398 136.289 0.86
399 136.289 0.86
400 5.731 0.12
401 5.731 0.12
402 4.571 0.12
403 4.571 0.12
404 4.601 0.12
405 4.601 0.12
406 4.532 0.12
407 4.532 0.12
408 7.698 0.12
409 7.698 0.12
410 92.615 0.86
411 92.615 0.86
412 153.866 0.86
413 153.866 0.86
414 75.331 0.86
415 75.331 0.86
416 72.139 0.86
417 72.139 0.86
418 81.661 0.86
419 81.661 0.86
420 139.186 0.86
421 139.186 0.86
422 5.946 0.12
423 5.946 0.12
424 7.743 0.12
425 7.743 0.12
426 4.655 0.12
427 4.655 0.12
428 4.536 0.12
429 4.536 0.12
430 4.485 0.12
431 4.485 0.12
432 7.831 0.12
433 7.831 0.12
434 93.78 0.86
435 93.78 0.86
436 75.511 0.86
437 75.511 0.86
438 72.416 0.86
439 72.416 0.86
440 81.61 0.86
441 81.61 0.86
442 97.42 0.86
443 97.42 0.86
444 140.192 0.86
445 140.192 0.86
446 5.282 0.12
447 5.282 0.12
448 4.198 0.12
449 4.198 0.12
450 4.202 0.12
451 4.202 0.12
452 4.415 0.12
453 4.415 0.12
454 5.239 0.12
455 5.239 0.12
456 7.15 0.12
457 7.15 0.12
458 93.749 0.86
459 93.749 0.86
460 75.077 0.86
461 75.077 0.86
462 72.249 0.86
463 72.249 0.86
464 81.985 0.86
465 81.985 0.86
466 103.596 0.86
467 103.596 0.86
468 141.993 0.86
469 141.993 0.86
470 5.598 0.12
471 5.598 0.12
472 4.559 0.12
473 4.559 0.12
474 4.428 0.12
475 4.428 0.12
476 4.45 0.12
477 4.45 0.12
478 5.321 0.12
479 5.321 0.12
480 7.696 0.12
481 7.696 0.12
482 93.65 0.86
483 93.65 0.86
484 74.984 0.86
485 74.984 0.86
486 72.196 0.86
487 72.196 0.86
488 81.966 0.86
489 81.966 0.86
490 104.998 0.86
491 104.998 0.86
492 142.964 0.86
493 142.964 0.86
494 5.623 0.12
495 5.623 0.12
496 4.647 0.12
497 4.647 0.12
498 4.427 0.12
499 4.427 0.12
500 4.522 0.12
501 4.522 0.12
502 5.689 0.12
503 5.689 0.12
504 7.835 0.12
505 7.835 0.12
506 93.552 0.86
507 93.552 0.86
508 75.587 0.86
509 75.587 0.86
510 72.209 0.86
511 72.209 0.86
512 82.11 0.86
513 82.11 0.86
514 102.14 0.86
515 102.14 0.86
516 139.998 0.86
517 139.998 0.86
518 5.374 0.12
519 5.374 0.12
520 4.65 0.12
521 4.65 0.12
522 4.286 0.12
523 4.286 0.12
524 4.517 0.12
525 4.517 0.12
526 5.062 0.12
527 5.062 0.12
528 7.551 0.12
529 7.551 0.12
530 94.957 0.86
531 94.957 0.86
532 73.655 0.86
533 73.655 0.86
534 71.572 0.86
535 71.572 0.86
536 82.146 0.86
537 82.146 0.86
538 99.799 0.86
539 99.799 0.86
540 141.594 0.86
541 141.594 0.86
542 5.134 0.12
543 5.134 0.12
544 4.571 0.12
545 4.571 0.12
546 4.717 0.12
547 4.717 0.12
548 4.475 0.12
549 4.475 0.12
550 6.056 0.12
551 6.056 0.12
552 8.283 0.12
553 8.283 0.12
554 92.516 0.86
555 92.516 0.86
556 152.635 0.86
557 152.635 0.86
558 74.405 0.86
559 74.405 0.86
560 71.318 0.86
561 71.318 0.86
562 81.554 0.86
563 81.554 0.86
564 139.303 0.86
565 139.303 0.86
566 6.047 0.12
567 6.047 0.12
568 7.149 0.12
569 7.149 0.12
570 4.773 0.12
571 4.773 0.12
572 4.846 0.12
573 4.846 0.12
574 4.28 0.12
575 4.28 0.12
576 8.136 0.12
577 8.136 0.12
578 92.038 0.86
579 92.038 0.86
580 74.926 0.86
581 74.926 0.86
582 71.861 0.86
583 71.861 0.86
584 80.948 0.86
585 80.948 0.86
586 135.056 0.86
587 135.056 0.86
588 5.461 0.12
589 5.461 0.12
590 4.781 0.12
591 4.781 0.12
592 4.405 0.12
593 4.405 0.12
594 3.823 0.12
595 3.823 0.12
596 7.24 0.12
597 7.24 0.12
598 94.81 0.86
599 94.81 0.86
600 75.258 0.86
601 75.258 0.86
602 73.024 0.86
603 73.024 0.86
604 81.589 0.86
605 81.589 0.86
606 97.37 0.86
607 97.37 0.86
608 140.623 0.86
609 140.623 0.86
610 5.402 0.12
611 5.402 0.12
612 4.424 0.12
613 4.424 0.12
614 4.11 0.12
615 4.11 0.12
616 4.234 0.12
617 4.234 0.12
618 5.392 0.12
619 5.392 0.12
620 7.187 0.12
621 7.187 0.12
622 95.153 0.86
623 95.153 0.86
624 74.003 0.86
625 74.003 0.86
626 72.124 0.86
627 72.124 0.86
628 81.969 0.86
629 81.969 0.86
630 96.563 0.86
631 96.563 0.86
632 142.295 0.86
633 142.295 0.86
634 6.303 0.12
635 6.303 0.12
636 4.595 0.12
637 4.595 0.12
638 4.501 0.12
639 4.501 0.12
640 4.625 0.12
641 4.625 0.12
642 5.427 0.12
643 5.427 0.12
644 7.868 0.12
645 7.868 0.12
646 89.515 0.86
647 89.515 0.86
648 76.614 0.86
649 76.614 0.86
650 79.555 0.86
651 79.555 0.86
652 84.732 0.86
653 84.732 0.86
654 99.098 0.86
655 99.098 0.86
656 143.643 0.86
657 143.643 0.86
658 6.125 0.12
659 6.125 0.12
660 4.174 0.12
661 4.174 0.12
662 4.544 0.12
663 4.544 0.12
664 3.898 0.12
665 3.898 0.12
666 5.651 0.12
667 5.651 0.12
668 7.881 0.12
669 7.881 0.12
670 90.79 0.86
671 90.79 0.86
672 78.405 0.86
673 78.405 0.86
674 76.449 0.86
675 76.449 0.86
676 83.35 0.86
677 83.35 0.86
678 99.1 0.86
679 99.1 0.86
680 66.31 0.86
681 66.31 0.86
682 143.374 0.86
683 143.374 0.86
684 5.475 0.12
685 5.475 0.12
686 4.409 0.12
687 4.409 0.12
688 4.113 0.12
689 4.113 0.12
690 3.871 0.12
691 3.871 0.12
692 6.048 0.12
693 6.048 0.12
694 3.572 0.12
695 3.572 0.12
696 3.205 0.12
697 3.205 0.12
698 7.366 0.12
699 7.366 0.12
700 87.602 0.86
701 87.602 0.86
702 155.361 0.86
703 155.361 0.86
704 73.476 0.86
705 73.476 0.86
706 75.266 0.86
707 75.266 0.86
708 83.83 0.86
709 83.83 0.86
710 68.86 0.86
711 68.86 0.86
712 140.768 0.86
713 140.768 0.86
714 5.518 0.12
715 5.518 0.12
716 8.157 0.12
717 8.157 0.12
718 4.284 0.12
719 4.284 0.12
720 4.626 0.12
721 4.626 0.12
722 4.449 0.12
723 4.449 0.12
724 4.054 0.12
725 4.054 0.12
726 4.007 0.12
727 4.007 0.12
728 8.088 0.12
729 8.088 0.12
730 92.516 0.86
731 92.516 0.86
732 157.412 0.86
733 157.412 0.86
734 76.164 0.86
735 76.164 0.86
736 75.399 0.86
737 75.399 0.86
738 83.09 0.86
739 83.09 0.86
740 142.438 0.86
741 142.438 0.86
742 6.267 0.12
743 6.267 0.12
744 8.492 0.12
745 8.492 0.12
746 4.718 0.12
747 4.718 0.12
748 4.949 0.12
749 4.949 0.12
750 4.426 0.12
751 4.426 0.12
752 8.243 0.12
753 8.243 0.12
754 93.008 0.86
755 93.008 0.86
756 154.54 0.86
757 154.54 0.86
758 75.784 0.86
759 75.784 0.86
760 72.565 0.86
761 72.565 0.86
762 81.971 0.86
763 81.971 0.86
764 140.416 0.86
765 140.416 0.86
766 6.081 0.12
767 6.081 0.12
768 8.005 0.12
769 8.005 0.12
770 4.662 0.12
771 4.662 0.12
772 4.725 0.12
773 4.725 0.12
774 4.589 0.12
775 4.589 0.12
776 8.344 0.12
777 8.344 0.12
778 93.682 0.86
779 93.682 0.86
780 75.444 0.86
781 75.444 0.86
782 72.022 0.86
783 72.022 0.86
784 81.77 0.86
785 81.77 0.86
786 96.941 0.86
787 96.941 0.86
788 140.623 0.86
789 140.623 0.86
790 5.519 0.12
791 5.519 0.12
792 4.339 0.12
793 4.339 0.12
794 4.398 0.12
795 4.398 0.12
796 4.359 0.12
797 4.359 0.12
798 5.208 0.12
799 5.208 0.12
800 7.467 0.12
801 7.467 0.12
802 94.777 0.86
803 94.777 0.86
804 152.43 0.86
805 152.43 0.86
806 74.249 0.86
807 74.249 0.86
808 73.876 0.86
809 73.876 0.86
810 83.817 0.86
811 83.817 0.86
812 139.625 0.86
813 139.625 0.86
814 5.444 0.12
815 5.444 0.12
816 7.463 0.12
817 7.463 0.12
818 4.878 0.12
819 4.878 0.12
820 4.481 0.12
821 4.481 0.12
822 4.48 0.12
823 4.48 0.12
824 7.886 0.12
825 7.886 0.12
826 92.32 0.86
827 92.32 0.86
828 154.774 0.86
829 154.774 0.86
830 76.8 0.86
831 76.8 0.86
832 72.809 0.86
833 72.809 0.86
834 82.359 0.86
835 82.359 0.86
836 141.706 0.86
837 141.706 0.86
838 5.72 0.12
839 5.72 0.12
840 7.177 0.12
841 7.177 0.12
842 4.112 0.12
843 4.112 0.12
844 4.932 0.12
845 4.932 0.12
846 4.424 0.12
847 4.424 0.12
848 7.888 0.12
849 7.888 0.12
850 91.307 0.86
851 91.307 0.86
852 154.319 0.86
853 154.319 0.86
854 75.064 0.86
855 75.064 0.86
856 76.374 0.86
857 76.374 0.86
858 83.524 0.86
859 83.524 0.86
860 140.533 0.86
861 140.533 0.86
862 6.148 0.12
863 6.148 0.12
864 7.726 0.12
865 7.726 0.12
866 4.993 0.12
867 4.993 0.12
868 4.821 0.12
869 4.821 0.12
870 4.669 0.12
871 4.669 0.12
872 7.729 0.12
873 7.729 0.12
874 92.025 0.86
875 92.025 0.86
876 153.427 0.86
877 153.427 0.86
878 76.255 0.86
879 76.255 0.86
880 76.328 0.86
881 76.328 0.86
882 85.076 0.86
883 85.076 0.86
884 139.83 0.86
885 139.83 0.86
886 5.913 0.12
887 5.913 0.12
888 7.444 0.12
889 7.444 0.12
890 4.706 0.12
891 4.706 0.12
892 4.813 0.12
893 4.813 0.12
894 4.633 0.12
895 4.633 0.12
896 7.358 0.12
897 7.358 0.12
898 93.106 0.86
899 93.106 0.86
900 152.373 0.86
901 152.373 0.86
902 75.991 0.86
903 75.991 0.86
904 74.921 0.86
905 74.921 0.86
906 83.879 0.86
907 83.879 0.86
908 139.566 0.86
909 139.566 0.86
910 6.025 0.12
911 6.025 0.12
912 7.066 0.12
913 7.066 0.12
914 4.882 0.12
915 4.882 0.12
916 4.792 0.12
917 4.792 0.12
918 4.551 0.12
919 4.551 0.12
920 7.272 0.12
921 7.272 0.12
922 93.794 0.86
923 93.794 0.86
924 153.046 0.86
925 153.046 0.86
926 76.174 0.86
927 76.174 0.86
928 74.848 0.86
929 74.848 0.86
930 83.153 0.86
931 83.153 0.86
932 139.361 0.86
933 139.361 0.86
934 6.092 0.12
935 6.092 0.12
936 7.616 0.12
937 7.616 0.12
938 5.043 0.12
939 5.043 0.12
940 4.635 0.12
941 4.635 0.12
942 4.622 0.12
943 4.622 0.12
944 7.377 0.12
945 7.377 0.12
946 93.538 0.86
947 93.538 0.86
948 75.199 0.86
949 75.199 0.86
950 74.556 0.86
951 74.556 0.86
952 82.598 0.86
953 82.598 0.86
954 137.53 0.86
955 137.53 0.86
956 5.702 0.12
957 5.702 0.12
958 4.587 0.12
959 4.587 0.12
960 4.19 0.12
961 4.19 0.12
962 4.627 0.12
963 4.627 0.12
964 7.142 0.12
965 7.142 0.12
966 93.947 0.86
967 93.947 0.86
968 75.093 0.86
969 75.093 0.86
970 72.1 0.86
971 72.1 0.86
972 82.24 0.86
973 82.24 0.86
974 142.971 0.86
975 142.971 0.86
976 5.665 0.12
977 5.665 0.12
978 4.643 0.12
979 4.643 0.12
980 4.524 0.12
981 4.524 0.12
982 4.497 0.12
983 4.497 0.12
984 5.076 0.12
985 5.076 0.12
986 7.796 0.12
987 7.796 0.12
988 94.172 0.86
989 94.172 0.86
990 72.573 0.86
991 72.573 0.86
992 72.353 0.86
993 72.353 0.86
994 81.914 0.86
995 81.914 0.86
996 98.019 0.86
997 98.019 0.86
998 141.432 0.86
999 141.432 0.86
1000 5.572 0.12
1001 5.572 0.12
1002 4.652 0.12
1003 4.652 0.12
1004 4.416 0.12
1005 4.416 0.12
1006 4.496 0.12
1007 4.496 0.12
1008 5.692 0.12
1009 5.692 0.12
1010 7.841 0.12
1011 7.841 0.12
1012 92.811 0.86
1013 92.811 0.86
1014 152.46 0.86
1015 152.46 0.86
1016 72.261 0.86
1017 72.261 0.86
1018 72.605 0.86
1019 72.605 0.86
1020 81.623 0.86
1021 81.623 0.86
1022 92.811 0.86
1023 92.811 0.86
1024 5.88 0.12
1025 5.88 0.12
1026 6.991 0.12
1027 6.991 0.12
1028 4.707 0.12
1029 4.707 0.12
1030 4.704 0.12
1031 4.704 0.12
1032 4.532 0.12
1033 4.532 0.12
1034 8.083 0.12
1035 8.083 0.12
1036 92.533 0.86
1037 92.533 0.86
1038 75.232 0.86
1039 75.232 0.86
1040 72.059 0.86
1041 72.059 0.86
1042 81.808 0.86
1043 81.808 0.86
1044 135.593 0.86
1045 135.593 0.86
1046 5.643 0.12
1047 5.643 0.12
1048 4.396 0.12
1049 4.396 0.12
1050 4.486 0.12
1051 4.486 0.12
1052 4.441 0.12
1053 4.441 0.12
1054 7.335 0.12
1055 7.335 0.12
1056 92.603 0.86
1057 92.603 0.86
1058 77.552 0.86
1059 77.552 0.86
1060 69.674 0.86
1061 69.674 0.86
1062 83.481 0.86
1063 83.481 0.86
1064 97.372 0.86
1065 97.372 0.86
1066 141.648 0.86
1067 141.648 0.86
1068 5.772 0.12
1069 5.772 0.12
1070 3.996 0.12
1071 3.996 0.12
1072 4.163 0.12
1073 4.163 0.12
1074 4.18 0.12
1075 4.18 0.12
1076 5.373 0.12
1077 5.373 0.12
1078 7.809 0.12
1079 7.809 0.12
1080 90.618 0.86
1081 90.618 0.86
1082 154.921 0.86
1083 154.921 0.86
1084 77.551 0.86
1085 77.551 0.86
1086 71.201 0.86
1087 71.201 0.86
1088 84.878 0.86
1089 84.878 0.86
1090 66.364 0.86
1091 66.364 0.86
1092 141.09 0.86
1093 141.09 0.86
1094 5.968 0.12
1095 5.968 0.12
1096 7.666 0.12
1097 7.666 0.12
1098 4.231 0.12
1099 4.231 0.12
1100 4.363 0.12
1101 4.363 0.12
1102 4.276 0.12
1103 4.276 0.12
1104 4.395 0.12
1105 4.395 0.12
1106 4.075 0.12
1107 4.075 0.12
1108 8.222 0.12
1109 8.222 0.12
