# DATA=CS PRIOR=GAUSS
0 91.752 0.86
1 91.752 0.86
2 74.979 0.86
3 74.979 0.86
4 74.92 0.86
5 74.92 0.86
6 83.575 0.86
7 83.575 0.86
8 67.373 0.86
9 67.373 0.86
10 139.685 0.86
11 139.685 0.86
12 5.871 0.12
13 5.871 0.12
14 5.002 0.12
15 5.002 0.12
16 4.787 0.12
17 4.787 0.12
18 4.618 0.12
19 4.618 0.12
20 4.475 0.12
21 4.475 0.12
22 4.336 0.12
23 4.336 0.12
24 8.2 0.12
25 8.2 0.12
26 93.46 0.86
27 93.46 0.86
28 75.339 0.86
29 75.339 0.86
30 73.162 0.86
31 73.162 0.86
32 82.606 0.86
33 82.606 0.86
34 66.216 0.86
35 66.216 0.86
36 137.513 0.86
37 137.513 0.86
38 5.978 0.12
39 5.978 0.12
40 4.665 0.12
41 4.665 0.12
42 4.633 0.12
43 4.633 0.12
44 4.612 0.12
45 4.612 0.12
46 4.575 0.12
47 4.575 0.12
48 4.337 0.12
49 4.337 0.12
50 7.708 0.12
51 7.708 0.12
52 94.613 0.86
53 94.613 0.86
54 75.493 0.86
55 75.493 0.86
56 72.331 0.86
57 72.331 0.86
58 81.975 0.86
59 81.975 0.86
60 97.737 0.86
61 97.737 0.86
62 64.634 0.86
63 64.634 0.86
64 141.592 0.86
65 141.592 0.86
66 5.613 0.12
67 5.613 0.12
68 4.512 0.12
69 4.512 0.12
70 4.504 0.12
71 4.504 0.12
72 4.504 0.12
73 4.504 0.12
74 5.336 0.12
75 5.336 0.12
76 4.631 0.12
77 4.631 0.12
78 4.157 0.12
79 4.157 0.12
80 7.751 0.12
81 7.751 0.12
82 94.562 0.86
83 94.562 0.86
84 75.229 0.86
85 75.229 0.86
86 72.597 0.86
87 72.597 0.86
88 82.234 0.86
89 82.234 0.86
90 104.094 0.86
91 104.094 0.86
92 64.825 0.86
93 64.825 0.86
94 142.587 0.86
95 142.587 0.86
96 5.621 0.12
97 5.621 0.12
98 4.592 0.12
99 4.592 0.12
100 4.537 0.12
101 4.537 0.12
102 4.501 0.12
103 4.501 0.12
104 5.515 0.12
105 5.515 0.12
106 4.622 0.12
107 4.622 0.12
108 4.15 0.12
109 4.15 0.12
110 7.921 0.12
111 7.921 0.12
112 94.385 0.86
113 94.385 0.86
114 75.344 0.86
115 75.344 0.86
116 72.597 0.86
117 72.597 0.86
118 82.238 0.86
119 82.238 0.86
120 103.937 0.86
121 103.937 0.86
122 64.826 0.86
123 64.826 0.86
124 143.04 0.86
125 143.04 0.86
126 5.654 0.12
127 5.654 0.12
128 4.444 0.12
129 4.444 0.12
130 4.537 0.12
131 4.537 0.12
132 4.512 0.12
133 4.512 0.12
134 5.651 0.12
135 5.651 0.12
136 4.592 0.12
137 4.592 0.12
138 4.162 0.12
139 4.162 0.12
140 8.034 0.12
141 8.034 0.12
142 93.963 0.86
143 93.963 0.86
144 75.433 0.86
145 75.433 0.86
146 72.597 0.86
147 72.597 0.86
148 82.223 0.86
149 82.223 0.86
150 103.852 0.86
151 103.852 0.86
152 64.694 0.86
153 64.694 0.86
154 143.048 0.86
155 143.048 0.86
156 5.647 0.12
157 5.647 0.12
158 4.431 0.12
159 4.431 0.12
160 4.543 0.12
161 4.543 0.12
162 4.448 0.12
163 4.448 0.12
164 5.598 0.12
165 5.598 0.12
166 4.595 0.12
167 4.595 0.12
168 4.141 0.12
169 4.141 0.12
170 7.988 0.12
171 7.988 0.12
172 93.718 0.86
173 93.718 0.86
174 75.463 0.86
175 75.463 0.86
176 72.786 0.86
177 72.786 0.86
178 82.229 0.86
179 82.229 0.86
180 104.362 0.86
181 104.362 0.86
182 65.159 0.86
183 65.159 0.86
184 142.05 0.86
185 142.05 0.86
186 5.556 0.12
187 5.556 0.12
188 4.542 0.12
189 4.542 0.12
190 4.456 0.12
191 4.456 0.12
192 4.473 0.12
193 4.473 0.12
194 5.565 0.12
195 5.565 0.12
196 4.492 0.12
197 4.492 0.12
198 4.124 0.12
199 4.124 0.12
200 7.834 0.12
201 7.834 0.12
202 93.393 0.86
203 93.393 0.86
204 75.057 0.86
205 75.057 0.86
206 73.315 0.86
207 73.315 0.86
208 82.784 0.86
209 82.784 0.86
210 65.814 0.86
211 65.814 0.86
212 137.088 0.86
213 137.088 0.86
214 5.353 0.12
215 5.353 0.12
216 4.263 0.12
217 4.263 0.12
218 4.331 0.12
219 4.331 0.12
220 4.371 0.12
221 4.371 0.12
222 4.385 0.12
223 4.385 0.12
224 4.034 0.12
225 4.034 0.12
226 7.517 0.12
227 7.517 0.12
228 92.951 0.86
229 92.951 0.86
230 76.099 0.86
231 76.099 0.86
232 74.156 0.86
233 74.156 0.86
234 83.233 0.86
235 83.233 0.86
236 97.662 0.86
237 97.662 0.86
238 65.413 0.86
239 65.413 0.86
240 142.341 0.86
241 142.341 0.86
242 5.493 0.12
243 5.493 0.12
244 4.035 0.12
245 4.035 0.12
246 4.357 0.12
247 4.357 0.12
248 4.18 0.12
249 4.18 0.12
250 5.288 0.12
251 5.288 0.12
252 4.261 0.12
253 4.261 0.12
254 3.924 0.12
255 3.924 0.12
256 7.475 0.12
257 7.475 0.12
258 91.68 0.86
259 91.68 0.86
260 75.407 0.86
261 75.407 0.86
262 75.794 0.86
263 75.794 0.86
264 84.522 0.86
265 84.522 0.86
266 105.467 0.86
267 105.467 0.86
268 67.01 0.86
269 67.01 0.86
270 143.673 0.86
271 143.673 0.86
272 5.796 0.12
273 5.796 0.12
274 4.35 0.12
275 4.35 0.12
276 4.485 0.12
277 4.485 0.12
278 4.328 0.12
279 4.328 0.12
280 5.653 0.12
281 5.653 0.12
282 4.127 0.12
283 4.127 0.12
284 3.982 0.12
285 3.982 0.12
286 7.7 0.12
287 7.7 0.12
288 93.232 0.86
289 93.232 0.86
290 75.886 0.86
291 75.886 0.86
292 74.585 0.86
293 74.585 0.86
294 83.53 0.86
295 83.53 0.86
296 98.812 0.86
297 98.812 0.86
298 66.335 0.86
299 66.335 0.86
300 143.227 0.86
301 143.227 0.86
302 5.758 0.12
303 5.758 0.12
304 4.487 0.12
305 4.487 0.12
306 4.504 0.12
307 4.504 0.12
308 4.407 0.12
309 4.407 0.12
310 5.842 0.12
311 5.842 0.12
312 4.325 0.12
313 4.325 0.12
314 4.138 0.12
315 4.138 0.12
316 7.82 0.12
317 7.82 0.12
318 93.654 0.86
319 93.654 0.86
320 75.807 0.86
321 75.807 0.86
322 73.871 0.86
323 73.871 0.86
324 83.02 0.86
325 83.02 0.86
326 99.157 0.86
327 99.157 0.86
328 65.859 0.86
329 65.859 0.86
330 142.533 0.86
331 142.533 0.86
332 5.741 0.12
333 5.741 0.12
334 4.567 0.12
335 4.567 0.12
336 4.454 0.12
337 4.454 0.12
338 4.5 0.12
339 4.5 0.12
340 5.907 0.12
341 5.907 0.12
342 4.43 0.12
343 4.43 0.12
344 4.193 0.12
345 4.193 0.12
346 7.882 0.12
347 7.882 0.12
348 94.596 0.86
349 94.596 0.86
350 75.532 0.86
351 75.532 0.86
352 72.537 0.86
353 72.537 0.86
354 82.217 0.86
355 82.217 0.86
356 99.525 0.86
357 99.525 0.86
358 64.84 0.86
359 64.84 0.86
360 142.077 0.86
361 142.077 0.86
362 5.611 0.12
363 5.611 0.12
364 4.533 0.12
365 4.533 0.12
366 4.635 0.12
367 4.635 0.12
368 4.496 0.12
369 4.496 0.12
370 6.025 0.12
371 6.025 0.12
372 4.509 0.12
373 4.509 0.12
374 4.201 0.12
375 4.201 0.12
376 8.096 0.12
377 8.096 0.12
378 94.385 0.86
379 94.385 0.86
380 75.468 0.86
381 75.468 0.86
382 72.456 0.86
383 72.456 0.86
384 81.875 0.86
385 81.875 0.86
386 98.641 0.86
387 98.641 0.86
388 64.855 0.86
389 64.855 0.86
390 141.627 0.86
391 141.627 0.86
392 5.665 0.12
393 5.665 0.12
394 4.692 0.12
395 4.692 0.12
396 4.667 0.12
397 4.667 0.12
398 4.529 0.12
399 4.529 0.12
400 5.764 0.12
401 5.764 0.12
402 4.623 0.12
403 4.623 0.12
404 4.214 0.12
405 4.214 0.12
406 7.966 0.12
407 7.966 0.12
408 93.626 0.86
409 93.626 0.86
410 75.35 0.86
411 75.35 0.86
412 72.91 0.86
413 72.91 0.86
414 82.132 0.86
415 82.132 0.86
416 65.445 0.86
417 65.445 0.86
418 136.965 0.86
419 136.965 0.86
420 5.807 0.12
421 5.807 0.12
422 4.535 0.12
423 4.535 0.12
424 4.661 0.12
425 4.661 0.12
426 4.559 0.12
427 4.559 0.12
428 4.615 0.12
429 4.615 0.12
430 4.197 0.12
431 4.197 0.12
432 7.68 0.12
433 7.68 0.12
434 93.851 0.86
435 93.851 0.86
436 75.302 0.86
437 75.302 0.86
438 72.2 0.86
439 72.2 0.86
440 82.022 0.86
441 82.022 0.86
442 103.594 0.86
443 103.594 0.86
444 64.424 0.86
445 64.424 0.86
446 141.719 0.86
447 141.719 0.86
448 5.613 0.12
449 5.613 0.12
450 4.63 0.12
451 4.63 0.12
452 4.653 0.12
453 4.653 0.12
454 4.513 0.12
455 4.513 0.12
456 5.159 0.12
457 5.159 0.12
458 4.646 0.12
459 4.646 0.12
460 4.177 0.12
461 4.177 0.12
462 7.857 0.12
463 7.857 0.12
464 92.935 0.86
465 92.935 0.86
466 75.525 0.86
467 75.525 0.86
468 72.883 0.86
469 72.883 0.86
470 81.938 0.86
471 81.938 0.86
472 65.446 0.86
473 65.446 0.86
474 136.654 0.86
475 136.654 0.86
476 5.88 0.12
477 5.88 0.12
478 4.567 0.12
479 4.567 0.12
480 4.626 0.12
481 4.626 0.12
482 4.539 0.12
483 4.539 0.12
484 4.565 0.12
485 4.565 0.12
486 4.185 0.12
487 4.185 0.12
488 7.777 0.12
489 7.777 0.12
490 94.29 0.86
491 94.29 0.86
492 75.437 0.86
493 75.437 0.86
494 71.906 0.86
495 71.906 0.86
496 81.897 0.86
497 81.897 0.86
498 97.766 0.86
499 97.766 0.86
500 64.668 0.86
501 64.668 0.86
502 140.963 0.86
503 140.963 0.86
504 5.488 0.12
505 5.488 0.12
506 4.5 0.12
507 4.5 0.12
508 4.268 0.12
509 4.268 0.12
510 4.464 0.12
511 4.464 0.12
512 5.262 0.12
513 5.262 0.12
514 4.543 0.12
515 4.543 0.12
516 4.096 0.12
517 4.096 0.12
518 7.501 0.12
519 7.501 0.12
520 94.992 0.86
521 94.992 0.86
522 75.991 0.86
523 75.991 0.86
524 73.166 0.86
525 73.166 0.86
526 82.418 0.86
527 82.418 0.86
528 105.588 0.86
529 105.588 0.86
530 63.956 0.86
531 63.956 0.86
532 141.156 0.86
533 141.156 0.86
534 5.694 0.12
535 5.694 0.12
536 3.819 0.12
537 3.819 0.12
538 4.574 0.12
539 4.574 0.12
540 4.4 0.12
541 4.4 0.12
542 5.757 0.12
543 5.757 0.12
544 4.531 0.12
545 4.531 0.12
546 4.129 0.12
547 4.129 0.12
548 7.805 0.12
549 7.805 0.12
550 89.668 0.86
551 89.668 0.86
552 74.62 0.86
553 74.62 0.86
554 77.795 0.86
555 77.795 0.86
556 87.025 0.86
557 87.025 0.86
558 105.967 0.86
559 105.967 0.86
560 67.882 0.86
561 67.882 0.86
562 145.173 0.86
563 145.173 0.86
564 6.143 0.12
565 6.143 0.12
566 4.704 0.12
567 4.704 0.12
568 4.059 0.12
569 4.059 0.12
570 4.523 0.12
571 4.523 0.12
572 5.897 0.12
573 5.897 0.12
574 4.284 0.12
575 4.284 0.12
576 4.079 0.12
577 4.079 0.12
578 8.066 0.12
579 8.066 0.12
580 89.552 0.86
581 89.552 0.86
582 77.637 0.86
583 77.637 0.86
584 80.33 0.86
585 80.33 0.86
586 84.511 0.86
587 84.511 0.86
588 99.021 0.86
589 99.021 0.86
590 67.404 0.86
591 67.404 0.86
592 143.328 0.86
593 143.328 0.86
594 6.0 0.12
595 6.0 0.12
596 4.141 0.12
597 4.141 0.12
598 4.525 0.12
599 4.525 0.12
600 3.845 0.12
601 3.845 0.12
602 6.167 0.12
603 6.167 0.12
604 3.648 0.12
605 3.648 0.12
606 2.747 0.12
607 2.747 0.12
608 7.734 0.12
609 7.734 0.12
610 95.05 0.86
611 95.05 0.86
612 77.286 0.86
613 77.286 0.86
614 75.881 0.86
615 75.881 0.86
616 83.191 0.86
617 83.191 0.86
618 69.043 0.86
619 69.043 0.86
620 143.532 0.86
621 143.532 0.86
622 6.008 0.12
623 6.008 0.12
624 4.874 0.12
625 4.874 0.12
626 5.672 0.12
627 5.672 0.12
628 4.454 0.12
629 4.454 0.12
630 4.449 0.12
631 4.449 0.12
632 4.233 0.12
633 4.233 0.12
634 7.906 0.12
635 7.906 0.12
636 93.732 0.86
637 93.732 0.86
638 75.076 0.86
639 75.076 0.86
640 74.594 0.86
641 74.594 0.86
642 83.098 0.86
643 83.098 0.86
644 69.797 0.86
645 69.797 0.86
646 139.48 0.86
647 139.48 0.86
648 4.473 0.12
649 4.473 0.12
650 4.47 0.12
651 4.47 0.12
652 4.312 0.12
653 4.312 0.12
654 4.435 0.12
655 4.435 0.12
656 4.551 0.12
657 4.551 0.12
658 4.325 0.12
659 4.325 0.12
660 8.35 0.12
661 8.35 0.12
662 94.332 0.86
663 94.332 0.86
664 75.218 0.86
665 75.218 0.86
666 72.017 0.86
667 72.017 0.86
668 81.728 0.86
669 81.728 0.86
670 97.685 0.86
671 97.685 0.86
672 64.183 0.86
673 64.183 0.86
674 141.609 0.86
675 141.609 0.86
676 5.534 0.12
677 5.534 0.12
678 4.595 0.12
679 4.595 0.12
680 4.585 0.12
681 4.585 0.12
682 4.433 0.12
683 4.433 0.12
684 5.345 0.12
685 5.345 0.12
686 4.548 0.12
687 4.548 0.12
688 4.094 0.12
689 4.094 0.12
690 7.758 0.12
691 7.758 0.12
692 93.479 0.86
693 93.479 0.86
694 153.72 0.86
695 153.72 0.86
696 75.66 0.86
697 75.66 0.86
698 72.673 0.86
699 72.673 0.86
700 81.927 0.86
701 81.927 0.86
702 64.89 0.86
703 64.89 0.86
704 139.91 0.86
705 139.91 0.86
706 6.002 0.12
707 6.002 0.12
708 7.423 0.12
709 7.423 0.12
710 4.591 0.12
711 4.591 0.12
712 4.72 0.12
713 4.72 0.12
714 4.539 0.12
715 4.539 0.12
716 4.632 0.12
717 4.632 0.12
718 4.182 0.12
719 4.182 0.12
720 8.108 0.12
721 8.108 0.12
722 93.859 0.86
723 93.859 0.86
724 75.616 0.86
725 75.616 0.86
726 72.408 0.86
727 72.408 0.86
728 81.631 0.86
729 81.631 0.86
730 98.0 0.86
731 98.0 0.86
732 64.659 0.86
733 64.659 0.86
734 140.676 0.86
735 140.676 0.86
736 5.457 0.12
737 5.457 0.12
738 4.488 0.12
739 4.488 0.12
740 4.468 0.12
741 4.468 0.12
742 4.436 0.12
743 4.436 0.12
744 5.27 0.12
745 5.27 0.12
746 4.561 0.12
747 4.561 0.12
748 4.107 0.12
749 4.107 0.12
750 7.518 0.12
751 7.518 0.12
752 93.567 0.86
753 93.567 0.86
754 75.387 0.86
755 75.387 0.86
756 73.117 0.86
757 73.117 0.86
758 82.205 0.86
759 82.205 0.86
760 65.995 0.86
761 65.995 0.86
762 136.633 0.86
763 136.633 0.86
764 5.753 0.12
765 5.753 0.12
766 4.58 0.12
767 4.58 0.12
768 4.584 0.12
769 4.584 0.12
770 4.512 0.12
771 4.512 0.12
772 4.498 0.12
773 4.498 0.12
774 4.141 0.12
775 4.141 0.12
776 7.517 0.12
777 7.517 0.12
778 91.396 0.86
779 91.396 0.86
780 77.244 0.86
781 77.244 0.86
782 75.311 0.86
783 75.311 0.86
784 84.133 0.86
785 84.133 0.86
786 65.997 0.86
787 65.997 0.86
788 137.689 0.86
789 137.689 0.86
790 5.957 0.12
791 5.957 0.12
792 4.323 0.12
793 4.323 0.12
794 4.722 0.12
795 4.722 0.12
796 4.553 0.12
797 4.553 0.12
798 4.576 0.12
799 4.576 0.12
800 4.187 0.12
801 4.187 0.12
802 7.409 0.12
803 7.409 0.12
804 91.857 0.86
805 91.857 0.86
806 152.968 0.86
807 152.968 0.86
808 75.373 0.86
809 75.373 0.86
810 74.853 0.86
811 74.853 0.86
812 83.58 0.86
813 83.58 0.86
814 67.204 0.86
815 67.204 0.86
816 141.988 0.86
817 141.988 0.86
818 5.955 0.12
819 5.955 0.12
820 6.999 0.12
821 6.999 0.12
822 4.875 0.12
823 4.875 0.12
824 4.741 0.12
825 4.741 0.12
826 4.539 0.12
827 4.539 0.12
828 4.413 0.12
829 4.413 0.12
830 4.243 0.12
831 4.243 0.12
832 8.386 0.12
833 8.386 0.12
834 93.249 0.86
835 93.249 0.86
836 153.284 0.86
837 153.284 0.86
838 75.535 0.86
839 75.535 0.86
840 73.494 0.86
841 73.494 0.86
842 82.597 0.86
843 82.597 0.86
844 66.63 0.86
845 66.63 0.86
846 140.411 0.86
847 140.411 0.86
848 5.9 0.12
849 5.9 0.12
850 7.152 0.12
851 7.152 0.12
852 4.66 0.12
853 4.66 0.12
854 4.635 0.12
855 4.635 0.12
856 4.602 0.12
857 4.602 0.12
858 4.531 0.12
859 4.531 0.12
860 4.327 0.12
861 4.327 0.12
862 7.825 0.12
863 7.825 0.12
864 93.128 0.86
865 93.128 0.86
866 153.283 0.86
867 153.283 0.86
868 75.682 0.86
869 75.682 0.86
870 72.926 0.86
871 72.926 0.86
872 82.064 0.86
873 82.064 0.86
874 65.406 0.86
875 65.406 0.86
876 139.723 0.86
877 139.723 0.86
878 5.846 0.12
879 5.846 0.12
880 7.166 0.12
881 7.166 0.12
882 4.556 0.12
883 4.556 0.12
884 4.663 0.12
885 4.663 0.12
886 4.542 0.12
887 4.542 0.12
888 4.584 0.12
889 4.584 0.12
890 4.179 0.12
891 4.179 0.12
892 7.679 0.12
893 7.679 0.12
894 92.985 0.86
895 92.985 0.86
896 153.716 0.86
897 153.716 0.86
898 75.681 0.86
899 75.681 0.86
900 72.917 0.86
901 72.917 0.86
902 81.927 0.86
903 81.927 0.86
904 65.361 0.86
905 65.361 0.86
906 139.567 0.86
907 139.567 0.86
908 5.885 0.12
909 5.885 0.12
910 7.465 0.12
911 7.465 0.12
912 4.619 0.12
913 4.619 0.12
914 4.638 0.12
915 4.638 0.12
916 4.523 0.12
917 4.523 0.12
918 4.571 0.12
919 4.571 0.12
920 4.158 0.12
921 4.158 0.12
922 7.69 0.12
923 7.69 0.12
924 93.223 0.86
925 93.223 0.86
926 75.289 0.86
927 75.289 0.86
928 72.833 0.86
929 72.833 0.86
930 81.997 0.86
931 81.997 0.86
932 65.62 0.86
933 65.62 0.86
934 136.172 0.86
935 136.172 0.86
936 5.633 0.12
937 5.633 0.12
938 4.465 0.12
939 4.465 0.12
940 4.441 0.12
941 4.441 0.12
942 4.479 0.12
943 4.479 0.12
944 4.487 0.12
945 4.487 0.12
946 4.077 0.12
947 4.077 0.12
948 7.204 0.12
949 7.204 0.12
950 94.622 0.86
951 94.622 0.86
952 75.615 0.86
953 75.615 0.86
954 71.984 0.86
955 71.984 0.86
956 81.948 0.86
957 81.948 0.86
958 97.492 0.86
959 97.492 0.86
960 64.394 0.86
961 64.394 0.86
962 141.473 0.86
963 141.473 0.86
964 5.565 0.12
965 5.565 0.12
966 4.306 0.12
967 4.306 0.12
968 4.465 0.12
969 4.465 0.12
970 4.424 0.12
971 4.424 0.12
972 5.2 0.12
973 5.2 0.12
974 4.564 0.12
975 4.564 0.12
976 4.069 0.12
977 4.069 0.12
978 7.646 0.12
979 7.646 0.12
980 93.455 0.86
981 93.455 0.86
982 77.606 0.86
983 77.606 0.86
984 69.643 0.86
985 69.643 0.86
986 83.363 0.86
987 83.363 0.86
988 98.78 0.86
989 98.78 0.86
990 65.095 0.86
991 65.095 0.86
992 142.238 0.86
993 142.238 0.86
994 5.819 0.12
995 5.819 0.12
996 4.057 0.12
997 4.057 0.12
998 4.221 0.12
999 4.221 0.12
1000 4.207 0.12
1001 4.207 0.12
1002 5.56 0.12
1003 5.56 0.12
1004 4.524 0.12
1005 4.524 0.12
1006 4.069 0.12
1007 4.069 0.12
1008 7.716 0.12
1009 7.716 0.12
