# DATA=CS PRIOR=GAUSS
0 91.995 0.86
1 74.848 0.86
2 73.802 0.86
3 82.977 0.86
4 118.551 0.86
5 66.289 0.86
6 139.016 0.86
7 5.717 0.12
8 4.865 0.12
9 4.718 0.12
10 4.509 0.12
11 4.45 0.12
12 4.263 0.12
13 8.095 0.12
14 92.863 0.86
15 75.295 0.86
16 72.708 0.86
17 82.165 0.86
18 118.634 0.86
19 65.702 0.86
20 136.726 0.86
21 5.824 0.12
22 4.591 0.12
23 4.565 0.12
24 4.522 0.12
25 4.49 0.12
26 4.182 0.12
27 7.463 0.12
28 92.821 0.86
29 153.756 0.86
30 75.2 0.86
31 72.184 0.86
32 81.75 0.86
33 120.312 0.86
34 64.325 0.86
35 157.414 0.86
36 139.073 0.86
37 5.94 0.12
38 7.72 0.12
39 4.496 0.12
40 4.555 0.12
41 4.458 0.12
42 4.581 0.12
43 4.097 0.12
44 7.773 0.12
45 93.231 0.86
46 75.226 0.86
47 72.143 0.86
48 81.368 0.86
49 97.514 0.86
50 64.158 0.86
51 139.657 0.86
52 5.32 0.12
53 4.456 0.12
54 4.315 0.12
55 4.323 0.12
56 5.044 0.12
57 4.451 0.12
58 4.001 0.12
59 7.261 0.12
60 92.98 0.86
61 74.995 0.86
62 73.152 0.86
63 81.944 0.86
64 118.035 0.86
65 66.221 0.86
66 135.733 0.86
67 5.566 0.12
68 4.643 0.12
69 4.396 0.12
70 4.419 0.12
71 4.379 0.12
72 4.044 0.12
73 7.302 0.12
74 92.893 0.86
75 155.23 0.86
76 75.242 0.86
77 72.057 0.86
78 82.117 0.86
79 120.112 0.86
80 157.193 0.86
81 138.866 0.86
82 5.809 0.12
83 7.898 0.12
84 4.388 0.12
85 4.553 0.12
86 4.416 0.12
87 7.792 0.12
88 92.446 0.86
89 76.317 0.86
90 71.898 0.86
91 81.777 0.86
92 96.924 0.86
93 64.106 0.86
94 139.976 0.86
95 5.564 0.12
96 4.02 0.12
97 4.152 0.12
98 4.29 0.12
99 5.092 0.12
100 4.063 0.12
101 4.551 0.12
102 7.505 0.12
103 94.684 0.86
104 152.35 0.86
105 75.405 0.86
106 73.85 0.86
107 84.352 0.86
108 104.94 0.86
109 68.565 0.86
110 142.598 0.86
111 5.638 0.12
112 4.597 0.12
113 4.325 0.12
114 4.493 0.12
115 6.203 0.12
116 3.994 0.12
117 4.421 0.12
118 7.552 0.12
119 91.836 0.86
120 75.979 0.86
121 73.885 0.86
122 81.943 0.86
123 118.558 0.86
124 66.22 0.86
125 136.574 0.86
126 5.872 0.12
127 4.725 0.12
128 4.633 0.12
129 4.547 0.12
130 4.499 0.12
131 4.211 0.12
132 7.817 0.12
133 93.288 0.86
134 152.907 0.86
135 75.253 0.86
136 73.425 0.86
137 82.236 0.86
138 120.971 0.86
139 66.346 0.86
140 157.398 0.86
141 139.782 0.86
142 5.973 0.12
143 7.168 0.12
144 4.662 0.12
145 4.598 0.12
146 4.602 0.12
147 4.52 0.12
148 4.215 0.12
149 7.792 0.12
150 92.55 0.86
151 153.784 0.86
152 75.342 0.86
153 72.185 0.86
154 81.658 0.86
155 120.446 0.86
156 64.336 0.86
157 157.646 0.86
158 139.061 0.86
159 6.001 0.12
160 7.831 0.12
161 4.51 0.12
162 4.645 0.12
163 4.525 0.12
164 4.64 0.12
165 4.15 0.12
166 7.927 0.12
167 93.523 0.86
168 75.593 0.86
169 71.902 0.86
170 81.554 0.86
171 97.207 0.86
172 64.174 0.86
173 140.383 0.86
174 5.415 0.12
175 4.165 0.12
176 4.393 0.12
177 4.397 0.12
178 5.204 0.12
179 4.516 0.12
180 4.052 0.12
181 7.484 0.12
182 93.614 0.86
183 75.525 0.86
184 71.638 0.86
185 98.386 0.86
186 64.135 0.86
187 140.047 0.86
188 5.558 0.12
189 4.491 0.12
190 4.487 0.12
191 5.373 0.12
192 4.1 0.12
193 7.575 0.12
194 93.225 0.86
195 75.816 0.86
196 72.393 0.86
197 82.072 0.86
198 118.947 0.86
199 64.658 0.86
200 136.121 0.86
201 5.677 0.12
202 4.411 0.12
203 4.683 0.12
204 4.409 0.12
205 4.439 0.12
206 4.143 0.12
207 7.52 0.12
208 92.236 0.86
209 154.113 0.86
210 75.491 0.86
211 73.141 0.86
212 83.221 0.86
213 119.989 0.86
214 64.118 0.86
215 156.329 0.86
216 142.207 0.86
217 5.679 0.12
218 7.802 0.12
219 4.767 0.12
220 4.453 0.12
221 4.234 0.12
222 4.25 0.12
223 3.948 0.12
224 8.385 0.12
225 92.411 0.86
226 154.338 0.86
227 75.968 0.86
228 73.64 0.86
229 83.181 0.86
230 119.643 0.86
231 64.569 0.86
232 155.818 0.86
233 140.148 0.86
234 5.395 0.12
235 7.783 0.12
236 4.324 0.12
237 4.569 0.12
238 4.277 0.12
239 3.923 0.12
240 7.935 0.12
241 91.899 0.86
242 155.36 0.86
243 76.502 0.86
244 82.24 0.86
245 119.718 0.86
246 156.786 0.86
247 140.766 0.86
248 5.996 0.12
249 8.132 0.12
250 4.61 0.12
251 5.075 0.12
252 4.445 0.12
253 8.205 0.12
254 92.638 0.86
255 74.969 0.86
256 74.322 0.86
257 82.492 0.86
258 119.19 0.86
259 69.385 0.86
260 137.099 0.86
261 3.606 0.12
262 4.468 0.12
263 4.178 0.12
264 4.276 0.12
265 4.247 0.12
266 4.366 0.12
267 7.863 0.12
268 93.018 0.86
269 74.717 0.86
270 72.525 0.86
271 81.88 0.86
272 118.893 0.86
273 64.493 0.86
274 136.14 0.86
275 5.803 0.12
276 4.45 0.12
277 4.473 0.12
278 4.44 0.12
279 4.435 0.12
280 4.039 0.12
281 7.207 0.12
282 93.721 0.86
283 152.934 0.86
284 75.087 0.86
285 72.072 0.86
286 102.479 0.86
287 141.735 0.86
288 5.59 0.12
289 4.464 0.12
290 4.459 0.12
291 5.09 0.12
292 7.815 0.12
293 93.27 0.86
294 152.703 0.86
295 75.258 0.86
296 72.467 0.86
297 82.031 0.86
298 103.211 0.86
299 64.342 0.86
300 142.415 0.86
301 5.716 0.12
302 4.491 0.12
303 4.541 0.12
304 4.458 0.12
305 5.611 0.12
306 4.575 0.12
307 4.127 0.12
308 8.007 0.12
309 93.641 0.86
310 75.424 0.86
311 72.44 0.86
312 81.601 0.86
313 97.837 0.86
314 65.223 0.86
315 141.232 0.86
316 5.558 0.12
317 4.498 0.12
318 4.199 0.12
319 4.442 0.12
320 5.629 0.12
321 4.454 0.12
322 4.109 0.12
323 7.716 0.12
324 94.694 0.86
325 154.168 0.86
326 74.874 0.86
327 72.126 0.86
328 82.472 0.86
329 104.779 0.86
330 140.735 0.86
331 5.429 0.12
332 4.124 0.12
333 4.312 0.12
334 4.359 0.12
335 5.619 0.12
336 7.749 0.12
337 89.018 0.86
338 153.52 0.86
339 75.869 0.86
340 78.082 0.86
341 85.742 0.86
342 104.584 0.86
343 67.268 0.86
344 142.943 0.86
345 5.814 0.12
346 4.14 0.12
347 4.668 0.12
348 4.56 0.12
349 5.506 0.12
350 4.488 0.12
351 4.017 0.12
352 7.694 0.12
353 94.162 0.86
354 154.752 0.86
355 74.713 0.86
356 71.971 0.86
357 82.694 0.86
358 119.401 0.86
359 64.9 0.86
360 158.553 0.86
361 138.351 0.86
362 5.691 0.12
363 4.872 0.12
364 4.675 0.12
365 4.79 0.12
366 4.411 0.12
367 4.172 0.12
368 7.962 0.12
369 92.783 0.86
370 75.137 0.86
371 71.819 0.86
372 81.954 0.86
373 119.45 0.86
374 136.046 0.86
375 5.652 0.12
376 4.502 0.12
377 4.455 0.12
378 4.448 0.12
379 7.272 0.12
380 94.486 0.86
381 74.981 0.86
382 71.613 0.86
383 97.228 0.86
384 140.232 0.86
385 5.515 0.12
386 4.168 0.12
387 4.452 0.12
388 5.202 0.12
389 7.429 0.12
390 93.328 0.86
391 152.403 0.86
392 74.994 0.86
393 71.769 0.86
394 81.801 0.86
395 103.113 0.86
396 141.434 0.86
397 5.389 0.12
398 4.472 0.12
399 4.629 0.12
400 4.401 0.12
401 5.341 0.12
402 7.884 0.12
403 92.254 0.86
404 75.083 0.86
405 72.518 0.86
406 81.75 0.86
407 118.481 0.86
408 64.823 0.86
409 136.002 0.86
410 5.754 0.12
411 4.452 0.12
412 4.571 0.12
413 4.453 0.12
414 4.481 0.12
415 4.099 0.12
416 7.645 0.12
417 93.55 0.86
418 75.124 0.86
419 71.678 0.86
420 81.553 0.86
421 97.032 0.86
422 64.174 0.86
423 140.345 0.86
424 5.433 0.12
425 4.412 0.12
426 4.214 0.12
427 4.398 0.12
428 5.111 0.12
429 4.478 0.12
430 4.043 0.12
431 7.445 0.12
432 94.353 0.86
433 152.931 0.86
434 75.732 0.86
435 72.999 0.86
436 82.276 0.86
437 104.961 0.86
438 64.156 0.86
439 140.488 0.86
440 5.627 0.12
441 3.755 0.12
442 4.514 0.12
443 4.338 0.12
444 5.686 0.12
445 4.487 0.12
446 4.079 0.12
447 7.731 0.12
448 89.113 0.86
449 155.037 0.86
450 74.52 0.86
451 77.614 0.86
452 86.884 0.86
453 105.379 0.86
454 67.701 0.86
455 144.552 0.86
456 6.095 0.12
457 4.648 0.12
458 4.017 0.12
459 4.472 0.12
460 5.845 0.12
461 4.222 0.12
462 3.998 0.12
463 8.006 0.12
464 88.948 0.86
465 77.402 0.86
466 80.065 0.86
467 84.241 0.86
468 98.514 0.86
469 67.187 0.86
470 142.695 0.86
471 5.927 0.12
472 4.086 0.12
473 4.466 0.12
474 3.78 0.12
475 6.109 0.12
476 3.589 0.12
477 2.682 0.12
478 7.675 0.12
479 94.421 0.86
480 155.493 0.86
481 77.066 0.86
482 75.778 0.86
483 82.862 0.86
484 118.667 0.86
485 68.855 0.86
486 161.448 0.86
487 142.817 0.86
488 5.96 0.12
489 4.808 0.12
490 5.601 0.12
491 4.381 0.12
492 4.188 0.12
493 4.392 0.12
494 7.856 0.12
495 93.115 0.86
496 156.89 0.86
497 74.726 0.86
498 74.453 0.86
499 82.937 0.86
500 119.046 0.86
501 69.561 0.86
502 162.274 0.86
503 138.749 0.86
504 4.418 0.12
505 4.411 0.12
506 4.226 0.12
507 4.379 0.12
508 4.262 0.12
509 4.476 0.12
510 8.271 0.12
511 93.598 0.86
512 75.115 0.86
513 71.825 0.86
514 81.539 0.86
515 97.137 0.86
516 64.029 0.86
517 140.835 0.86
518 5.475 0.12
519 4.66 0.12
520 4.498 0.12
521 4.357 0.12
522 5.232 0.12
523 4.465 0.12
524 4.02 0.12
525 7.648 0.12
526 93.101 0.86
527 151.887 0.86
528 75.178 0.86
529 72.851 0.86
530 81.749 0.86
531 120.711 0.86
532 65.405 0.86
533 156.96 0.86
534 139.155 0.86
535 5.893 0.12
536 6.807 0.12
537 4.665 0.12
538 4.541 0.12
539 4.511 0.12
540 4.458 0.12
541 4.1 0.12
542 7.884 0.12
543 92.609 0.86
544 75.215 0.86
545 72.485 0.86
546 81.828 0.86
547 118.583 0.86
548 64.57 0.86
549 136.237 0.86
550 5.466 0.12
551 4.158 0.12
552 4.587 0.12
553 4.402 0.12
554 4.548 0.12
555 4.061 0.12
556 7.17 0.12
557 92.609 0.86
558 155.062 0.86
559 75.307 0.86
560 71.778 0.86
561 119.346 0.86
562 157.337 0.86
563 139.044 0.86
564 5.999 0.12
565 8.012 0.12
566 4.717 0.12
567 4.624 0.12
568 7.786 0.12
569 91.711 0.86
570 75.605 0.86
571 71.74 0.86
572 81.299 0.86
573 117.909 0.86
574 64.182 0.86
575 136.679 0.86
576 5.43 0.12
577 3.969 0.12
578 4.543 0.12
579 4.354 0.12
580 4.495 0.12
581 4.081 0.12
582 7.719 0.12
583 83.321 0.86
584 72.51 0.86
585 76.388 0.86
586 85.771 0.86
587 117.317 0.86
588 67.291 0.86
589 136.611 0.86
590 5.147 0.12
591 4.555 0.12
592 4.571 0.12
593 4.129 0.12
594 4.115 0.12
595 4.177 0.12
596 7.718 0.12
597 86.949 0.86
598 153.289 0.86
599 74.206 0.86
600 76.199 0.86
601 84.353 0.86
602 105.449 0.86
603 67.509 0.86
604 143.957 0.86
605 5.554 0.12
606 4.122 0.12
607 4.577 0.12
608 3.188 0.12
609 5.195 0.12
610 3.332 0.12
611 3.74 0.12
612 7.428 0.12
613 91.007 0.86
614 155.206 0.86
615 74.706 0.86
616 74.627 0.86
617 83.307 0.86
618 121.13 0.86
619 66.465 0.86
620 157.63 0.86
621 141.388 0.86
622 6.186 0.12
623 8.237 0.12
624 5.168 0.12
625 4.997 0.12
626 4.472 0.12
627 4.332 0.12
628 4.125 0.12
629 8.371 0.12
630 90.246 0.86
631 73.351 0.86
632 74.84 0.86
633 84.169 0.86
634 99.379 0.86
635 67.939 0.86
636 142.719 0.86
637 5.722 0.12
638 4.59 0.12
639 4.648 0.12
640 4.523 0.12
641 5.71 0.12
642 4.216 0.12
643 4.364 0.12
644 7.723 0.12
645 93.076 0.86
646 74.963 0.86
647 73.789 0.86
648 83.069 0.86
649 118.842 0.86
650 68.037 0.86
651 137.0 0.86
652 5.746 0.12
653 4.506 0.12
654 4.428 0.12
655 4.57 0.12
656 4.429 0.12
657 4.363 0.12
658 7.746 0.12
659 93.683 0.86
660 152.711 0.86
661 74.93 0.86
662 71.96 0.86
663 102.228 0.86
664 141.866 0.86
665 5.55 0.12
666 4.486 0.12
667 4.469 0.12
668 4.959 0.12
669 7.827 0.12
670 94.369 0.86
671 75.354 0.86
672 72.101 0.86
673 81.855 0.86
674 97.429 0.86
675 64.298 0.86
676 141.678 0.86
677 5.551 0.12
678 4.165 0.12
679 4.434 0.12
680 4.387 0.12
681 5.603 0.12
682 4.514 0.12
683 4.059 0.12
684 7.85 0.12
685 91.774 0.86
686 77.709 0.86
687 99.028 0.86
688 65.493 0.86
689 141.61 0.86
690 6.035 0.12
691 4.582 0.12
692 4.926 0.12
693 5.5 0.12
694 4.511 0.12
695 4.082 0.12
696 7.457 0.12
