# DATA=CS PRIOR=GAUSS
0 93.382 0.86
1 74.684 0.86
2 73.661 0.86
3 82.788 0.86
4 66.196 0.86
5 137.533 0.86
6 5.966 0.12
7 5.026 0.12
8 4.816 0.12
9 4.593 0.12
10 4.558 0.12
11 4.337 0.12
12 8.256 0.12
13 92.7 0.86
14 74.92 0.86
15 73.005 0.86
16 81.705 0.86
17 65.878 0.86
18 134.469 0.86
19 5.597 0.12
20 4.538 0.12
21 4.563 0.12
22 4.449 0.12
23 4.495 0.12
24 4.104 0.12
25 7.588 0.12
26 97.621 0.86
27 140.361 0.86
28 5.141 0.12
29 7.38 0.12
30 90.911 0.86
31 78.338 0.86
32 73.448 0.86
33 81.882 0.86
34 66.005 0.86
35 135.176 0.86
36 5.723 0.12
37 4.245 0.12
38 5.021 0.12
39 4.458 0.12
40 7.626 0.12
41 93.4 0.86
42 151.56 0.86
43 76.615 0.86
44 78.855 0.86
45 79.44 0.86
46 68.507 0.86
47 138.44 0.86
48 6.33 0.12
49 7.636 0.12
50 4.629 0.12
51 5.011 0.12
52 4.579 0.12
53 4.678 0.12
54 4.539 0.12
55 8.31 0.12
56 92.784 0.86
57 75.825 0.86
58 74.191 0.86
59 84.112 0.86
60 103.661 0.86
61 65.657 0.86
62 144.582 0.86
63 6.26 0.12
64 4.605 0.12
65 5.001 0.12
66 4.34 0.12
67 4.79 0.12
68 4.399 0.12
69 7.574 0.12
70 92.575 0.86
71 74.404 0.86
72 73.72 0.86
73 82.274 0.86
74 67.229 0.86
75 133.263 0.86
76 5.351 0.12
77 4.491 0.12
78 4.154 0.12
79 4.388 0.12
80 4.369 0.12
81 4.004 0.12
82 6.646 0.12
83 93.234 0.86
84 74.827 0.86
85 134.027 0.86
86 5.672 0.12
87 4.245 0.12
88 6.921 0.12
89 92.989 0.86
90 103.004 0.86
91 141.328 0.86
92 5.577 0.12
93 4.543 0.12
94 4.82 0.12
95 7.79 0.12
96 92.486 0.86
97 75.231 0.86
98 72.899 0.86
99 81.521 0.86
100 65.944 0.86
101 133.582 0.86
102 5.81 0.12
103 4.385 0.12
104 4.477 0.12
105 4.469 0.12
106 4.453 0.12
107 7.506 0.12
108 93.614 0.86
109 74.905 0.86
110 72.049 0.86
111 81.804 0.86
112 103.531 0.86
113 140.697 0.86
114 5.338 0.12
115 4.507 0.12
116 4.282 0.12
117 4.374 0.12
118 5.079 0.12
119 7.484 0.12
120 93.442 0.86
121 105.199 0.86
122 141.523 0.86
123 5.573 0.12
124 4.226 0.12
125 5.776 0.12
126 8.077 0.12
127 93.642 0.86
128 98.563 0.86
129 141.657 0.86
130 5.477 0.12
131 5.673 0.12
132 7.764 0.12
133 93.218 0.86
134 74.485 0.86
135 72.903 0.86
136 81.697 0.86
137 133.978 0.86
138 5.965 0.12
139 4.658 0.12
140 4.57 0.12
141 4.608 0.12
142 7.651 0.12
143 94.204 0.86
144 96.764 0.86
145 141.071 0.86
146 5.462 0.12
147 5.233 0.12
148 7.75 0.12
149 94.769 0.86
150 97.371 0.86
151 141.332 0.86
152 5.807 0.12
153 5.456 0.12
154 7.82 0.12
155 88.9 0.86
156 152.64 0.86
157 77.404 0.86
158 79.824 0.86
159 85.256 0.86
160 67.416 0.86
161 139.71 0.86
162 5.932 0.12
163 7.618 0.12
164 4.511 0.12
165 4.648 0.12
166 4.175 0.12
167 4.653 0.12
168 3.964 0.12
169 8.262 0.12
170 89.647 0.86
171 75.437 0.86
172 78.61 0.86
173 83.985 0.86
174 105.7 0.86
175 67.419 0.86
176 143.737 0.86
177 5.617 0.12
178 4.203 0.12
179 4.467 0.12
180 4.05 0.12
181 5.913 0.12
182 3.634 0.12
183 7.59 0.12
184 90.08 0.86
185 153.698 0.86
186 74.679 0.86
187 75.794 0.86
188 83.107 0.86
189 68.708 0.86
190 138.982 0.86
191 5.482 0.12
192 7.991 0.12
193 4.041 0.12
194 4.632 0.12
195 4.396 0.12
196 4.169 0.12
197 4.087 0.12
198 7.992 0.12
199 91.227 0.86
200 154.931 0.86
201 74.021 0.86
202 83.421 0.86
203 66.613 0.86
204 138.607 0.86
205 5.859 0.12
206 8.543 0.12
207 4.279 0.12
208 4.871 0.12
209 4.331 0.12
210 4.437 0.12
211 4.271 0.12
212 7.942 0.12
213 89.963 0.86
214 153.382 0.86
215 78.123 0.86
216 72.694 0.86
217 85.839 0.86
218 66.874 0.86
219 138.528 0.86
220 5.92 0.12
221 8.23 0.12
222 4.175 0.12
223 4.302 0.12
224 4.239 0.12
225 4.166 0.12
226 4.021 0.12
227 8.315 0.12
228 92.99 0.86
229 98.426 0.86
230 142.982 0.86
231 5.967 0.12
232 4.304 0.12
233 5.805 0.12
234 7.817 0.12
235 93.408 0.86
236 74.485 0.86
237 72.775 0.86
238 82.801 0.86
239 65.753 0.86
240 135.462 0.86
241 5.427 0.12
242 4.633 0.12
243 4.574 0.12
244 4.431 0.12
245 4.269 0.12
246 4.122 0.12
247 7.162 0.12
248 93.989 0.86
249 97.042 0.86
250 141.74 0.86
251 5.563 0.12
252 5.228 0.12
253 7.793 0.12
254 93.589 0.86
255 103.615 0.86
256 142.249 0.86
257 5.581 0.12
258 4.59 0.12
259 5.434 0.12
260 7.926 0.12
261 93.946 0.86
262 97.986 0.86
263 141.348 0.86
264 5.538 0.12
265 5.637 0.12
266 7.746 0.12
267 94.405 0.86
268 75.44 0.86
269 73.236 0.86
270 82.172 0.86
271 105.243 0.86
272 64.111 0.86
273 140.851 0.86
274 5.513 0.12
275 3.72 0.12
276 4.52 0.12
277 4.334 0.12
278 5.71 0.12
279 4.49 0.12
280 4.071 0.12
281 7.775 0.12
282 89.148 0.86
283 74.098 0.86
284 77.906 0.86
285 86.705 0.86
286 105.752 0.86
287 67.986 0.86
288 144.775 0.86
289 6.076 0.12
290 4.624 0.12
291 3.994 0.12
292 4.456 0.12
293 5.844 0.12
294 4.216 0.12
295 4.015 0.12
296 8.003 0.12
297 89.038 0.86
298 98.872 0.86
299 142.916 0.86
300 5.93 0.12
301 4.081 0.12
302 4.475 0.12
303 3.784 0.12
304 6.113 0.12
305 3.596 0.12
306 2.703 0.12
307 7.662 0.12
308 94.448 0.86
309 76.889 0.86
310 76.133 0.86
311 82.953 0.86
312 69.227 0.86
313 140.903 0.86
314 5.95 0.12
315 4.835 0.12
316 5.617 0.12
317 4.404 0.12
318 4.389 0.12
319 4.184 0.12
320 7.847 0.12
321 93.01 0.86
322 74.784 0.86
323 74.889 0.86
324 82.917 0.86
325 69.936 0.86
326 137.053 0.86
327 4.439 0.12
328 4.504 0.12
329 4.343 0.12
330 4.381 0.12
331 4.526 0.12
332 4.291 0.12
333 8.306 0.12
334 92.787 0.86
335 151.454 0.86
336 75.185 0.86
337 72.524 0.86
338 81.533 0.86
339 137.519 0.86
340 5.965 0.12
341 7.508 0.12
342 4.676 0.12
343 4.694 0.12
344 4.45 0.12
345 7.846 0.12
346 92.576 0.86
347 74.964 0.86
348 65.961 0.86
349 133.566 0.86
350 5.653 0.12
351 4.464 0.12
352 4.473 0.12
353 4.054 0.12
354 7.221 0.12
355 93.975 0.86
356 97.6 0.86
357 140.819 0.86
358 5.475 0.12
359 5.191 0.12
360 7.508 0.12
361 93.589 0.86
362 75.419 0.86
363 72.227 0.86
364 81.843 0.86
365 104.692 0.86
366 65.274 0.86
367 140.748 0.86
368 5.623 0.12
369 4.417 0.12
370 4.548 0.12
371 4.429 0.12
372 5.47 0.12
373 4.54 0.12
374 4.038 0.12
375 7.799 0.12
376 93.687 0.86
377 151.404 0.86
378 75.344 0.86
379 71.288 0.86
380 81.688 0.86
381 64.543 0.86
382 138.111 0.86
383 6.171 0.12
384 6.699 0.12
385 4.509 0.12
386 5.077 0.12
387 4.431 0.12
388 4.565 0.12
389 4.191 0.12
390 8.027 0.12
391 87.486 0.86
392 153.821 0.86
393 76.393 0.86
394 74.137 0.86
395 86.472 0.86
396 68.342 0.86
397 139.236 0.86
398 5.322 0.12
399 7.98 0.12
400 4.554 0.12
401 4.481 0.12
402 4.237 0.12
403 4.25 0.12
404 3.95 0.12
405 8.06 0.12
406 94.807 0.86
407 73.918 0.86
408 71.685 0.86
409 82.406 0.86
410 102.77 0.86
411 67.114 0.86
412 144.259 0.86
413 5.714 0.12
414 4.851 0.12
415 4.628 0.12
416 4.188 0.12
417 5.859 0.12
418 4.165 0.12
419 4.044 0.12
420 8.259 0.12
421 94.517 0.86
422 74.746 0.86
423 72.29 0.86
424 83.816 0.86
425 64.417 0.86
426 137.009 0.86
427 5.519 0.12
428 4.896 0.12
429 4.794 0.12
430 4.486 0.12
431 4.546 0.12
432 4.289 0.12
433 7.232 0.12
434 93.158 0.86
435 152.562 0.86
436 75.925 0.86
437 72.002 0.86
438 83.002 0.86
439 64.549 0.86
440 139.196 0.86
441 6.012 0.12
442 7.796 0.12
443 4.41 0.12
444 5.409 0.12
445 4.482 0.12
446 4.447 0.12
447 4.228 0.12
448 8.189 0.12
449 92.831 0.86
450 99.228 0.86
451 140.204 0.86
452 5.502 0.12
453 5.898 0.12
454 7.376 0.12
455 92.355 0.86
456 151.473 0.86
457 75.231 0.86
458 81.226 0.86
459 136.505 0.86
460 5.88 0.12
461 7.397 0.12
462 4.172 0.12
463 4.407 0.12
464 7.667 0.12
465 93.098 0.86
466 97.949 0.86
467 139.859 0.86
468 5.249 0.12
469 5.235 0.12
470 7.222 0.12
471 93.999 0.86
472 98.47 0.86
473 140.983 0.86
474 5.366 0.12
475 5.376 0.12
476 7.458 0.12
477 93.543 0.86
478 74.946 0.86
479 72.171 0.86
480 81.756 0.86
481 104.673 0.86
482 65.082 0.86
483 140.629 0.86
484 5.391 0.12
485 4.291 0.12
486 4.425 0.12
487 4.375 0.12
488 5.423 0.12
489 4.021 0.12
490 7.625 0.12
491 92.964 0.86
492 150.721 0.86
493 75.674 0.86
494 85.322 0.86
495 65.242 0.86
496 137.255 0.86
497 5.88 0.12
498 6.645 0.12
499 4.341 0.12
500 4.203 0.12
501 4.442 0.12
502 4.088 0.12
503 7.849 0.12
504 92.234 0.86
505 97.933 0.86
506 141.337 0.86
507 5.383 0.12
508 5.34 0.12
509 7.308 0.12
