# DATA=CS PRIOR=GAUSS
0 92.177 0.86
1 74.845 0.86
2 72.2 0.86
3 136.3 0.86
4 5.8 0.12
5 4.92 0.12
6 4.67 0.12
7 4.67 0.12
8 4.36 0.12
9 4.36 0.12
10 8.12 0.12
11 93.977 0.86
12 75.345 0.86
13 70.3 0.86
14 134.3 0.86
15 5.92 0.12
16 4.66 0.12
17 4.4 0.12
18 7.52 0.12
19 94.377 0.86
20 75.745 0.86
21 5.52 0.12
22 4.51 0.12
23 5.44 0.12
24 7.6 0.12
25 93.677 0.86
26 134.8 0.86
27 5.73 0.12
28 4.46 0.12
29 7.84 0.12
30 95.177 0.86
31 75.045 0.86
32 69.9 0.86
33 139.954 0.86
34 5.34 0.12
35 4.42 0.12
36 4.15 0.12
37 4.94 0.12
38 7.18 0.12
39 92.077 0.86
40 76.145 0.86
41 72.5 0.86
42 135.2 0.86
43 5.61 0.12
44 4.57 0.12
45 4.43 0.12
46 4.14 0.12
47 4.02 0.12
48 4.48 0.12
49 7.93 0.12
50 93.777 0.86
51 75.245 0.86
52 82.414 0.86
53 64.967 0.86
54 137.7 0.86
55 5.31 0.12
56 7.92 0.12
57 4.76 0.12
58 4.36 0.12
59 4.27 0.12
60 4.04 0.12
61 7.96 0.12
62 87.477 0.86
63 75.845 0.86
64 69.7 0.86
65 84.814 0.86
66 138.5 0.86
67 5.18 0.12
68 8.09 0.12
69 4.54 0.12
70 4.42 0.12
71 3.92 0.12
72 7.94 0.12
73 93.677 0.86
74 75.245 0.86
75 70.3 0.86
76 78.814 0.86
77 66.567 0.86
78 133.2 0.86
79 5.37 0.12
80 4.46 0.12
81 4.27 0.12
82 4.37 0.12
83 3.95 0.12
84 6.8 0.12
85 93.577 0.86
86 74.545 0.86
87 69.7 0.86
88 81.714 0.86
89 133.6 0.86
90 5.75 0.12
91 4.57 0.12
92 3.98 0.12
93 4.35 0.12
94 3.99 0.12
95 7.11 0.12
96 93.577 0.86
97 75.245 0.86
98 69.7 0.86
99 133.6 0.86
100 5.74 0.12
101 4.46 0.12
102 4.42 0.12
103 7.19 0.12
104 94.677 0.86
105 75.245 0.86
106 140.154 0.86
107 5.48 0.12
108 4.35 0.12
109 5.14 0.12
110 7.5 0.12
111 93.077 0.86
112 75.045 0.86
113 134.2 0.86
114 5.67 0.12
115 4.55 0.12
116 4.42 0.12
117 7.52 0.12
118 91.977 0.86
119 75.445 0.86
120 143.454 0.86
121 5.69 0.12
122 4.38 0.12
123 5.64 0.12
124 7.7 0.12
125 90.477 0.86
126 75.045 0.86
127 142.054 0.86
128 5.46 0.12
129 4.47 0.12
130 4.16 0.12
131 5.95 0.12
132 7.81 0.12
133 93.577 0.86
134 75.245 0.86
135 134.3 0.86
136 5.73 0.12
137 4.14 0.12
138 7.75 0.12
139 91.077 0.86
140 75.245 0.86
141 74.3 0.86
142 85.514 0.86
143 68.567 0.86
144 143.854 0.86
145 5.99 0.12
146 4.43 0.12
147 4.61 0.12
148 4.53 0.12
149 5.86 0.12
150 4.1 0.12
151 4.22 0.12
152 7.86 0.12
153 91.977 0.86
154 76.045 0.86
155 75.0 0.86
156 84.714 0.86
157 67.867 0.86
158 5.71 0.12
159 4.13 0.12
160 4.41 0.12
161 3.92 0.12
162 5.91 0.12
163 3.85 0.12
164 7.66 0.12
165 91.977 0.86
166 77.245 0.86
167 81.0 0.86
168 137.4 0.86
169 5.61 0.12
170 4.62 0.12
171 4.43 0.12
172 7.71 0.12
173 93.577 0.86
174 74.945 0.86
175 5.73 0.12
176 3.99 0.12
177 4.17 0.12
178 4.42 0.12
179 5.46 0.12
180 7.64 0.12
181 98.677 0.86
182 140.954 0.86
183 5.49 0.12
184 4.38 0.12
185 5.46 0.12
186 7.73 0.12
187 94.677 0.86
188 74.945 0.86
189 5.34 0.12
190 4.52 0.12
191 4.36 0.12
192 5.38 0.12
193 7.6 0.12
194 95.577 0.86
195 75.245 0.86
196 5.45 0.12
197 3.9 0.12
198 4.34 0.12
199 5.62 0.12
200 7.63 0.12
201 89.977 0.86
202 75.445 0.86
203 70.2 0.86
204 136.6 0.86
205 5.49 0.12
206 4.35 0.12
207 4.36 0.12
208 8.12 0.12
209 93.577 0.86
210 75.445 0.86
211 70.2 0.86
212 82.414 0.86
213 137.3 0.86
214 5.5 0.12
215 7.97 0.12
216 4.76 0.12
217 4.36 0.12
218 4.27 0.12
219 7.51 0.12
220 92.777 0.86
221 74.745 0.86
222 70.0 0.86
223 133.3 0.86
224 4.13 0.12
225 4.18 0.12
226 4.26 0.12
227 7.41 0.12
228 94.177 0.86
229 75.745 0.86
230 140.654 0.86
231 5.48 0.12
232 4.34 0.12
233 4.25 0.12
234 5.17 0.12
235 7.39 0.12
236 94.377 0.86
237 74.745 0.86
238 70.3 0.86
239 134.9 0.86
240 5.7 0.12
241 4.66 0.12
242 4.26 0.12
243 4.44 0.12
244 7.55 0.12
245 94.377 0.86
246 5.47 0.12
247 4.45 0.12
248 5.27 0.12
249 7.65 0.12
250 94.377 0.86
251 75.245 0.86
252 142.554 0.86
253 5.52 0.12
254 4.41 0.12
255 5.25 0.12
256 7.72 0.12
