# DATA=CS PRIOR=GAUSS
0 91.856 0.86
1 75.135 0.86
2 74.522 0.86
3 83.258 0.86
4 66.972 0.86
5 138.864 0.86
6 5.835 0.12
7 4.94 0.12
8 4.703 0.12
9 4.586 0.12
10 4.287 0.12
11 4.46 0.12
12 8.144 0.12
13 93.136 0.86
14 75.352 0.86
15 82.67 0.86
16 66.405 0.86
17 136.915 0.86
18 5.95 0.12
19 4.524 0.12
20 4.55 0.12
21 4.26 0.12
22 7.585 0.12
23 75.401 0.86
24 83.054 0.86
25 102.898 0.86
26 4.532 0.12
27 4.48 0.12
28 5.034 0.12
29 7.724 0.12
30 152.657 0.86
31 139.489 0.86
32 6.011 0.12
33 6.869 0.12
34 8.113 0.12
35 92.582 0.86
36 75.538 0.86
37 73.25 0.86
38 82.313 0.86
39 65.923 0.86
40 136.054 0.86
41 5.572 0.12
42 4.311 0.12
43 4.329 0.12
44 4.447 0.12
45 4.051 0.12
46 4.457 0.12
47 7.186 0.12
48 93.232 0.86
49 76.277 0.86
50 74.396 0.86
51 83.78 0.86
52 104.099 0.86
53 65.578 0.86
54 141.336 0.86
55 5.588 0.12
56 3.914 0.12
57 4.443 0.12
58 4.334 0.12
59 5.212 0.12
60 4.451 0.12
61 4.077 0.12
62 7.466 0.12
63 92.818 0.86
64 75.591 0.86
65 76.239 0.86
66 105.228 0.86
67 143.191 0.86
68 5.691 0.12
69 4.313 0.12
70 4.632 0.12
71 5.81 0.12
72 7.624 0.12
73 91.153 0.86
74 75.217 0.86
75 77.001 0.86
76 85.251 0.86
77 105.624 0.86
78 67.921 0.86
79 143.849 0.86
80 5.915 0.12
81 4.376 0.12
82 4.623 0.12
83 4.377 0.12
84 5.919 0.12
85 4.168 0.12
86 4.093 0.12
87 7.802 0.12
88 89.791 0.86
89 75.794 0.86
90 77.127 0.86
91 84.927 0.86
92 104.995 0.86
93 67.668 0.86
94 143.96 0.86
95 5.813 0.12
96 4.221 0.12
97 4.566 0.12
98 4.236 0.12
99 5.878 0.12
100 3.831 0.12
101 3.947 0.12
102 7.719 0.12
103 91.925 0.86
104 75.239 0.86
105 76.774 0.86
106 85.186 0.86
107 68.181 0.86
108 141.623 0.86
109 5.702 0.12
110 4.531 0.12
111 5.029 0.12
112 4.409 0.12
113 4.244 0.12
114 7.827 0.12
115 87.796 0.86
116 73.933 0.86
117 79.696 0.86
118 85.83 0.86
119 68.233 0.86
120 138.517 0.86
121 5.851 0.12
122 5.243 0.12
123 4.895 0.12
124 4.424 0.12
125 3.822 0.12
126 4.13 0.12
127 8.277 0.12
128 86.855 0.86
129 74.481 0.86
130 74.219 0.86
131 87.662 0.86
132 100.424 0.86
133 68.924 0.86
134 142.854 0.86
135 6.069 0.12
136 3.398 0.12
137 3.212 0.12
138 4.411 0.12
139 5.808 0.12
140 4.259 0.12
141 3.594 0.12
142 7.788 0.12
143 87.84 0.86
144 156.708 0.86
145 73.171 0.86
146 79.519 0.86
147 87.69 0.86
148 67.301 0.86
149 141.408 0.86
150 6.125 0.12
151 8.628 0.12
152 5.379 0.12
153 4.809 0.12
154 4.414 0.12
155 3.973 0.12
156 4.275 0.12
157 8.72 0.12
158 88.227 0.86
159 76.106 0.86
160 79.409 0.86
161 86.948 0.86
162 106.436 0.86
163 68.082 0.86
164 143.235 0.86
165 5.932 0.12
166 4.227 0.12
167 4.731 0.12
168 4.034 0.12
169 5.771 0.12
170 3.207 0.12
171 3.832 0.12
172 7.424 0.12
173 91.489 0.86
174 73.238 0.86
175 78.454 0.86
176 86.409 0.86
177 68.099 0.86
178 142.616 0.86
179 5.844 0.12
180 5.752 0.12
181 5.033 0.12
182 4.74 0.12
183 4.369 0.12
184 4.491 0.12
185 7.641 0.12
186 89.578 0.86
187 155.224 0.86
188 75.332 0.86
189 75.224 0.86
190 83.414 0.86
191 68.033 0.86
192 142.549 0.86
193 6.231 0.12
194 8.082 0.12
195 4.874 0.12
196 4.775 0.12
197 4.716 0.12
198 4.526 0.12
199 4.447 0.12
200 8.485 0.12
201 93.675 0.86
202 97.829 0.86
203 141.586 0.86
204 5.262 0.12
205 5.636 0.12
206 7.855 0.12
207 93.859 0.86
208 75.222 0.86
209 72.219 0.86
210 82.061 0.86
211 103.242 0.86
212 142.358 0.86
213 5.615 0.12
214 4.534 0.12
215 4.598 0.12
216 4.478 0.12
217 5.479 0.12
218 8.064 0.12
219 92.932 0.86
220 98.731 0.86
221 142.012 0.86
222 5.62 0.12
223 5.962 0.12
224 8.089 0.12
225 103.858 0.86
226 5.59 0.12
227 5.68 0.12
228 7.72 0.12
229 92.765 0.86
230 153.436 0.86
231 75.556 0.86
232 65.012 0.86
233 139.774 0.86
234 6.063 0.12
235 7.188 0.12
236 4.489 0.12
237 4.603 0.12
238 4.2 0.12
239 8.225 0.12
240 93.818 0.86
241 75.74 0.86
242 72.163 0.86
243 82.079 0.86
244 97.112 0.86
245 140.972 0.86
246 5.409 0.12
247 4.026 0.12
248 4.428 0.12
249 4.343 0.12
250 5.242 0.12
251 7.556 0.12
252 92.81 0.86
253 77.498 0.86
254 69.66 0.86
255 83.462 0.86
256 97.903 0.86
257 65.107 0.86
258 141.562 0.86
259 5.669 0.12
260 3.873 0.12
261 4.15 0.12
262 4.162 0.12
263 5.466 0.12
264 4.515 0.12
265 4.039 0.12
266 7.647 0.12
