# DATA=CS PRIOR=GAUSS
0 91.725 0.86
1 91.725 0.86
2 75.167 0.86
3 75.167 0.86
4 74.186 0.86
5 74.186 0.86
6 83.482 0.86
7 83.482 0.86
8 65.483 0.86
9 65.483 0.86
10 138.952 0.86
11 138.952 0.86
12 5.811 0.12
13 5.685 0.12
14 5.811 0.12
15 5.685 0.12
16 4.923 0.12
17 4.812 0.12
18 4.923 0.12
19 4.812 0.12
20 4.701 0.12
21 4.701 0.12
22 4.512 0.12
23 4.512 0.12
24 4.307 0.12
25 4.307 0.12
26 4.153 0.12
27 4.153 0.12
28 8.104 0.12
29 8.116 0.12
30 8.104 0.12
31 8.116 0.12
32 92.785 0.86
33 92.785 0.86
34 75.401 0.86
35 75.401 0.86
36 72.89 0.86
37 72.89 0.86
38 82.205 0.86
39 82.205 0.86
40 65.637 0.86
41 65.637 0.86
42 136.716 0.86
43 136.996 0.86
44 136.716 0.86
45 136.996 0.86
46 5.882 0.12
47 5.834 0.12
48 5.882 0.12
49 5.834 0.12
50 4.678 0.12
51 4.574 0.12
52 4.678 0.12
53 4.574 0.12
54 4.607 0.12
55 4.607 0.12
56 4.532 0.12
57 4.532 0.12
58 4.503 0.12
59 4.503 0.12
60 4.229 0.12
61 4.229 0.12
62 7.49 0.12
63 7.51 0.12
64 7.49 0.12
65 7.51 0.12
66 92.9 0.86
67 92.9 0.86
68 153.032 0.86
69 153.116 0.86
70 153.032 0.86
71 153.116 0.86
72 75.55 0.86
73 75.55 0.86
74 72.933 0.86
75 72.933 0.86
76 65.304 0.86
77 65.304 0.86
78 139.361 0.86
79 139.276 0.86
80 139.361 0.86
81 139.276 0.86
82 5.929 0.12
83 5.875 0.12
84 5.929 0.12
85 5.875 0.12
86 7.22 0.12
87 7.16 0.12
88 7.22 0.12
89 7.16 0.12
90 4.665 0.12
91 4.526 0.12
92 4.665 0.12
93 4.526 0.12
94 4.635 0.12
95 4.635 0.12
96 4.608 0.12
97 4.608 0.12
98 4.143 0.12
99 4.143 0.12
100 7.724 0.12
101 7.705 0.12
102 7.724 0.12
103 7.705 0.12
104 92.892 0.86
105 92.892 0.86
106 153.945 0.86
107 154.075 0.86
108 153.945 0.86
109 154.075 0.86
110 75.317 0.86
111 75.317 0.86
112 72.795 0.86
113 72.795 0.86
114 138.938 0.86
115 138.83 0.86
116 138.938 0.86
117 138.83 0.86
118 5.839 0.12
119 5.833 0.12
120 5.839 0.12
121 5.833 0.12
122 7.828 0.12
123 7.793 0.12
124 7.828 0.12
125 7.793 0.12
126 4.505 0.12
127 4.36 0.12
128 4.505 0.12
129 4.36 0.12
130 4.38 0.12
131 4.38 0.12
132 4.483 0.12
133 4.483 0.12
134 4.081 0.12
135 4.081 0.12
136 7.543 0.12
137 7.533 0.12
138 7.543 0.12
139 7.533 0.12
140 92.886 0.86
141 92.886 0.86
142 75.679 0.86
143 75.679 0.86
144 73.329 0.86
145 73.329 0.86
146 82.745 0.86
147 82.745 0.86
148 104.091 0.86
149 104.091 0.86
150 140.318 0.86
151 140.291 0.86
152 140.318 0.86
153 140.291 0.86
154 5.364 0.12
155 5.379 0.12
156 5.364 0.12
157 5.379 0.12
158 4.238 0.12
159 4.373 0.12
160 4.238 0.12
161 4.373 0.12
162 4.475 0.12
163 4.475 0.12
164 4.362 0.12
165 4.362 0.12
166 5.19 0.12
167 5.19 0.12
168 4.082 0.12
169 4.082 0.12
170 7.394 0.12
171 7.323 0.12
172 7.394 0.12
173 7.323 0.12
174 90.106 0.86
175 88.64 0.86
176 90.106 0.86
177 88.64 0.86
178 154.603 0.86
179 154.72 0.86
180 154.603 0.86
181 154.72 0.86
182 75.327 0.86
183 75.327 0.86
184 84.749 0.86
185 84.749 0.86
186 141.158 0.86
187 141.194 0.86
188 141.158 0.86
189 141.194 0.86
190 5.864 0.12
191 5.856 0.12
192 5.864 0.12
193 5.856 0.12
194 7.401 0.12
195 7.401 0.12
196 4.581 0.12
197 4.735 0.12
198 4.581 0.12
199 4.735 0.12
200 4.766 0.12
201 4.766 0.12
202 4.543 0.12
203 4.543 0.12
204 4.369 0.12
205 4.369 0.12
206 4.141 0.12
207 4.141 0.12
208 8.112 0.12
209 7.991 0.12
210 8.112 0.12
211 7.991 0.12
212 92.536 0.86
213 92.536 0.86
214 75.365 0.86
215 75.365 0.86
216 104.659 0.86
217 104.659 0.86
218 142.871 0.86
219 143.267 0.86
220 142.871 0.86
221 143.267 0.86
222 5.563 0.12
223 5.637 0.12
224 5.563 0.12
225 5.637 0.12
226 4.514 0.12
227 4.619 0.12
228 4.514 0.12
229 4.619 0.12
230 5.617 0.12
231 5.617 0.12
232 4.217 0.12
233 4.217 0.12
234 7.78 0.12
235 7.987 0.12
236 7.78 0.12
237 7.987 0.12
238 92.133 0.86
239 92.133 0.86
240 75.402 0.86
241 75.402 0.86
242 136.979 0.86
243 137.3 0.86
244 136.979 0.86
245 137.3 0.86
246 5.382 0.12
247 5.006 0.12
248 5.382 0.12
249 5.006 0.12
250 4.496 0.12
251 4.364 0.12
252 4.496 0.12
253 4.364 0.12
254 4.42 0.12
255 4.42 0.12
256 4.083 0.12
257 4.083 0.12
258 7.622 0.12
259 7.396 0.12
260 7.622 0.12
261 7.396 0.12
262 94.235 0.86
263 94.235 0.86
264 72.355 0.86
265 72.355 0.86
266 97.21 0.86
267 97.21 0.86
268 141.342 0.86
269 141.095 0.86
270 141.342 0.86
271 141.095 0.86
272 5.483 0.12
273 5.432 0.12
274 5.483 0.12
275 5.432 0.12
276 4.419 0.12
277 4.316 0.12
278 4.419 0.12
279 4.316 0.12
280 4.369 0.12
281 4.369 0.12
282 5.266 0.12
283 5.266 0.12
284 4.084 0.12
285 4.084 0.12
286 7.587 0.12
287 7.684 0.12
288 7.587 0.12
289 7.684 0.12
290 94.017 0.86
291 94.017 0.86
292 73.203 0.86
293 73.203 0.86
294 103.153 0.86
295 103.153 0.86
296 141.977 0.86
297 141.983 0.86
298 141.977 0.86
299 141.983 0.86
300 5.562 0.12
301 5.531 0.12
302 5.562 0.12
303 5.531 0.12
304 4.435 0.12
305 4.317 0.12
306 4.435 0.12
307 4.317 0.12
308 4.479 0.12
309 4.479 0.12
310 5.383 0.12
311 5.383 0.12
312 7.89 0.12
313 7.914 0.12
314 7.89 0.12
315 7.914 0.12
316 92.59 0.86
317 91.907 0.86
318 92.59 0.86
319 91.907 0.86
320 98.103 0.86
321 98.103 0.86
322 141.965 0.86
323 141.965 0.86
324 5.76 0.12
325 6.138 0.12
326 5.76 0.12
327 6.138 0.12
328 4.32 0.12
329 4.282 0.12
330 4.32 0.12
331 4.282 0.12
332 5.646 0.12
333 5.646 0.12
334 7.772 0.12
335 7.757 0.12
336 7.772 0.12
337 7.757 0.12
338 91.46 0.86
339 91.46 0.86
340 155.029 0.86
341 154.038 0.86
342 155.029 0.86
343 154.038 0.86
344 139.636 0.86
345 139.636 0.86
346 5.872 0.12
347 5.851 0.12
348 5.872 0.12
349 5.851 0.12
350 7.967 0.12
351 8.08 0.12
352 7.967 0.12
353 8.08 0.12
354 4.565 0.12
355 4.97 0.12
356 4.565 0.12
357 4.97 0.12
358 7.819 0.12
359 7.484 0.12
360 7.819 0.12
361 7.484 0.12
362 92.357 0.86
363 92.357 0.86
364 154.603 0.86
365 154.005 0.86
366 154.603 0.86
367 154.005 0.86
368 75.398 0.86
369 75.398 0.86
370 73.273 0.86
371 73.273 0.86
372 139.874 0.86
373 139.153 0.86
374 139.874 0.86
375 139.153 0.86
376 5.409 0.12
377 5.143 0.12
378 5.409 0.12
379 5.143 0.12
380 7.808 0.12
381 7.924 0.12
382 7.808 0.12
383 7.924 0.12
384 4.408 0.12
385 4.231 0.12
386 4.408 0.12
387 4.231 0.12
388 4.502 0.12
389 4.502 0.12
390 7.932 0.12
391 7.871 0.12
392 7.932 0.12
393 7.871 0.12
394 93.734 0.86
395 93.734 0.86
396 75.727 0.86
397 75.727 0.86
398 72.624 0.86
399 72.624 0.86
400 82.031 0.86
401 82.031 0.86
402 97.512 0.86
403 97.512 0.86
404 140.19 0.86
405 139.819 0.86
406 140.19 0.86
407 139.819 0.86
408 5.451 0.12
409 5.618 0.12
410 5.451 0.12
411 5.618 0.12
412 4.295 0.12
413 4.357 0.12
414 4.295 0.12
415 4.357 0.12
416 4.28 0.12
417 4.28 0.12
418 4.329 0.12
419 4.329 0.12
420 5.079 0.12
421 5.079 0.12
422 4.401 0.12
423 4.401 0.12
424 4.044 0.12
425 4.044 0.12
426 7.209 0.12
427 7.324 0.12
428 7.209 0.12
429 7.324 0.12
430 92.386 0.86
431 92.386 0.86
432 75.351 0.86
433 75.351 0.86
434 81.843 0.86
435 81.843 0.86
436 137.001 0.86
437 136.6 0.86
438 137.001 0.86
439 136.6 0.86
440 5.629 0.12
441 5.689 0.12
442 5.629 0.12
443 5.689 0.12
444 4.478 0.12
445 4.271 0.12
446 4.478 0.12
447 4.271 0.12
448 4.658 0.12
449 4.658 0.12
450 4.436 0.12
451 4.436 0.12
452 4.08 0.12
453 4.08 0.12
454 7.589 0.12
455 7.545 0.12
456 7.589 0.12
457 7.545 0.12
458 91.22 0.86
459 91.22 0.86
460 154.52 0.86
461 153.994 0.86
462 154.52 0.86
463 153.994 0.86
464 75.974 0.86
465 75.974 0.86
466 74.559 0.86
467 74.559 0.86
468 83.896 0.86
469 83.896 0.86
470 65.538 0.86
471 65.538 0.86
472 142.121 0.86
473 142.153 0.86
474 142.121 0.86
475 142.153 0.86
476 5.727 0.12
477 5.661 0.12
478 5.727 0.12
479 5.661 0.12
480 7.849 0.12
481 7.746 0.12
482 7.849 0.12
483 7.746 0.12
484 4.727 0.12
485 4.782 0.12
486 4.727 0.12
487 4.782 0.12
488 4.514 0.12
489 4.514 0.12
490 4.235 0.12
491 4.235 0.12
492 3.979 0.12
493 3.979 0.12
494 4.176 0.12
495 4.176 0.12
496 8.307 0.12
497 8.288 0.12
498 8.307 0.12
499 8.288 0.12
500 91.616 0.86
501 93.059 0.86
502 91.616 0.86
503 93.059 0.86
504 154.534 0.86
505 154.42 0.86
506 154.534 0.86
507 154.42 0.86
508 75.813 0.86
509 75.813 0.86
510 83.728 0.86
511 83.728 0.86
512 65.213 0.86
513 65.213 0.86
514 140.739 0.86
515 140.067 0.86
516 140.739 0.86
517 140.067 0.86
518 5.499 0.12
519 5.34 0.12
520 5.499 0.12
521 5.34 0.12
522 7.841 0.12
523 7.77 0.12
524 7.841 0.12
525 7.77 0.12
526 4.47 0.12
527 4.537 0.12
528 4.47 0.12
529 4.537 0.12
530 4.601 0.12
531 4.601 0.12
532 4.303 0.12
533 4.303 0.12
534 3.966 0.12
535 3.966 0.12
536 7.974 0.12
537 7.919 0.12
538 7.974 0.12
539 7.919 0.12
540 91.744 0.86
541 91.744 0.86
542 155.207 0.86
543 155.517 0.86
544 155.207 0.86
545 155.517 0.86
546 76.509 0.86
547 76.509 0.86
548 74.655 0.86
549 74.655 0.86
550 82.929 0.86
551 82.929 0.86
552 141.246 0.86
553 140.159 0.86
554 141.246 0.86
555 140.159 0.86
556 5.952 0.12
557 5.852 0.12
558 5.952 0.12
559 5.852 0.12
560 8.057 0.12
561 8.183 0.12
562 8.057 0.12
563 8.183 0.12
564 4.646 0.12
565 4.718 0.12
566 4.646 0.12
567 4.718 0.12
568 5.002 0.12
569 5.002 0.12
570 4.426 0.12
571 4.426 0.12
572 4.6 0.12
573 4.6 0.12
574 4.296 0.12
575 4.296 0.12
576 8.174 0.12
577 8.182 0.12
578 8.174 0.12
579 8.182 0.12
580 93.082 0.86
581 93.082 0.86
582 83.044 0.86
583 83.044 0.86
584 68.704 0.86
585 68.704 0.86
586 137.616 0.86
587 137.297 0.86
588 137.616 0.86
589 137.297 0.86
590 3.689 0.12
591 3.689 0.12
592 4.241 0.12
593 3.98 0.12
594 4.241 0.12
595 3.98 0.12
596 4.428 0.12
597 4.428 0.12
598 4.259 0.12
599 4.259 0.12
600 4.276 0.12
601 4.276 0.12
602 4.261 0.12
603 4.261 0.12
604 7.747 0.12
605 7.84 0.12
606 7.747 0.12
607 7.84 0.12
608 92.53 0.86
609 92.53 0.86
610 75.78 0.86
611 75.78 0.86
612 74.901 0.86
613 74.901 0.86
614 103.718 0.86
615 103.718 0.86
616 141.223 0.86
617 140.816 0.86
618 141.223 0.86
619 140.816 0.86
620 5.645 0.12
621 5.727 0.12
622 5.645 0.12
623 5.727 0.12
624 4.375 0.12
625 4.289 0.12
626 4.375 0.12
627 4.289 0.12
628 4.321 0.12
629 4.321 0.12
630 5.09 0.12
631 5.09 0.12
632 7.442 0.12
633 7.461 0.12
634 7.442 0.12
635 7.461 0.12
636 92.137 0.86
637 92.137 0.86
638 75.851 0.86
639 75.851 0.86
640 137.589 0.86
641 137.87 0.86
642 137.589 0.86
643 137.87 0.86
644 5.555 0.12
645 5.662 0.12
646 5.555 0.12
647 5.662 0.12
648 4.541 0.12
649 4.477 0.12
650 4.541 0.12
651 4.477 0.12
652 7.688 0.12
653 7.87 0.12
654 7.688 0.12
655 7.87 0.12
656 92.397 0.86
657 92.397 0.86
658 154.617 0.86
659 154.621 0.86
660 154.617 0.86
661 154.621 0.86
662 140.848 0.86
663 141.406 0.86
664 140.848 0.86
665 141.406 0.86
666 5.703 0.12
667 5.716 0.12
668 5.703 0.12
669 5.716 0.12
670 7.764 0.12
671 7.782 0.12
672 7.764 0.12
673 7.782 0.12
674 4.552 0.12
675 4.635 0.12
676 4.552 0.12
677 4.635 0.12
678 7.974 0.12
679 8.044 0.12
680 7.974 0.12
681 8.044 0.12
682 91.754 0.86
683 91.754 0.86
684 154.673 0.86
685 154.673 0.86
686 140.436 0.86
687 140.26 0.86
688 140.436 0.86
689 140.26 0.86
690 5.825 0.12
691 5.914 0.12
692 5.825 0.12
693 5.914 0.12
694 7.921 0.12
695 7.818 0.12
696 7.921 0.12
697 7.818 0.12
698 4.559 0.12
699 4.514 0.12
700 4.559 0.12
701 4.514 0.12
702 7.954 0.12
703 7.778 0.12
704 7.954 0.12
705 7.778 0.12
706 93.913 0.86
707 93.913 0.86
708 104.309 0.86
709 104.309 0.86
710 143.321 0.86
711 143.321 0.86
712 5.54 0.12
713 5.633 0.12
714 5.54 0.12
715 5.633 0.12
716 4.489 0.12
717 4.601 0.12
718 4.489 0.12
719 4.601 0.12
720 5.571 0.12
721 5.571 0.12
722 4.215 0.12
723 4.215 0.12
724 7.792 0.12
725 7.986 0.12
726 7.792 0.12
727 7.986 0.12
728 93.886 0.86
729 93.886 0.86
730 72.866 0.86
731 72.866 0.86
732 83.16 0.86
733 83.16 0.86
734 98.039 0.86
735 98.039 0.86
736 141.85 0.86
737 141.868 0.86
738 141.85 0.86
739 141.868 0.86
740 5.618 0.12
741 5.57 0.12
742 5.618 0.12
743 5.57 0.12
744 4.527 0.12
745 4.479 0.12
746 4.527 0.12
747 4.479 0.12
748 4.58 0.12
749 4.58 0.12
750 4.524 0.12
751 4.524 0.12
752 5.743 0.12
753 5.743 0.12
754 4.213 0.12
755 4.213 0.12
756 7.907 0.12
757 7.917 0.12
758 7.907 0.12
759 7.917 0.12
760 92.639 0.86
761 92.639 0.86
762 152.505 0.86
763 152.536 0.86
764 152.505 0.86
765 152.536 0.86
766 75.355 0.86
767 75.355 0.86
768 73.031 0.86
769 73.031 0.86
770 139.614 0.86
771 139.566 0.86
772 139.614 0.86
773 139.566 0.86
774 5.897 0.12
775 5.866 0.12
776 5.897 0.12
777 5.866 0.12
778 6.954 0.12
779 6.935 0.12
780 6.954 0.12
781 6.935 0.12
782 4.621 0.12
783 4.55 0.12
784 4.621 0.12
785 4.55 0.12
786 4.749 0.12
787 4.749 0.12
788 4.525 0.12
789 4.525 0.12
790 4.196 0.12
791 4.196 0.12
792 8.068 0.12
793 8.062 0.12
794 8.068 0.12
795 8.062 0.12
796 92.417 0.86
797 92.417 0.86
798 75.35 0.86
799 75.35 0.86
800 72.588 0.86
801 72.588 0.86
802 82.006 0.86
803 82.006 0.86
804 65.442 0.86
805 65.442 0.86
806 135.719 0.86
807 135.676 0.86
808 135.719 0.86
809 135.676 0.86
810 5.658 0.12
811 5.634 0.12
812 5.658 0.12
813 5.634 0.12
814 4.427 0.12
815 4.382 0.12
816 4.427 0.12
817 4.382 0.12
818 4.453 0.12
819 4.453 0.12
820 4.487 0.12
821 4.487 0.12
822 4.521 0.12
823 4.521 0.12
824 4.081 0.12
825 4.081 0.12
826 7.315 0.12
827 7.31 0.12
828 7.315 0.12
829 7.31 0.12
830 93.859 0.86
831 93.859 0.86
832 75.42 0.86
833 75.42 0.86
834 71.902 0.86
835 71.902 0.86
836 81.636 0.86
837 81.636 0.86
838 97.257 0.86
839 97.257 0.86
840 64.674 0.86
841 64.674 0.86
842 140.325 0.86
843 140.308 0.86
844 140.325 0.86
845 140.308 0.86
846 5.481 0.12
847 5.443 0.12
848 5.481 0.12
849 5.443 0.12
850 4.461 0.12
851 4.424 0.12
852 4.461 0.12
853 4.424 0.12
854 4.229 0.12
855 4.229 0.12
856 4.401 0.12
857 4.401 0.12
858 5.143 0.12
859 5.143 0.12
860 4.038 0.12
861 4.038 0.12
862 7.397 0.12
863 7.368 0.12
864 7.397 0.12
865 7.368 0.12
866 94.431 0.86
867 94.431 0.86
868 75.933 0.86
869 75.9 0.86
870 75.933 0.86
871 75.9 0.86
872 73.261 0.86
873 73.261 0.86
874 82.17 0.86
875 82.17 0.86
876 105.058 0.86
877 105.058 0.86
878 64.066 0.86
879 64.066 0.86
880 140.664 0.86
881 140.711 0.86
882 140.664 0.86
883 140.711 0.86
884 5.675 0.12
885 5.659 0.12
886 5.675 0.12
887 5.659 0.12
888 3.793 0.12
889 3.774 0.12
890 3.793 0.12
891 3.774 0.12
892 4.526 0.12
893 4.526 0.12
894 4.368 0.12
895 4.368 0.12
896 5.714 0.12
897 5.714 0.12
898 4.502 0.12
899 4.502 0.12
900 4.082 0.12
901 4.082 0.12
902 7.759 0.12
903 7.762 0.12
904 7.759 0.12
905 7.762 0.12
906 89.189 0.86
907 89.156 0.86
908 89.189 0.86
909 89.156 0.86
910 74.583 0.86
911 74.583 0.86
912 77.731 0.86
913 77.736 0.86
914 77.731 0.86
915 77.736 0.86
916 86.957 0.86
917 86.924 0.86
918 86.957 0.86
919 86.924 0.86
920 105.484 0.86
921 105.484 0.86
922 67.749 0.86
923 67.749 0.86
924 144.684 0.86
925 144.643 0.86
926 144.684 0.86
927 144.643 0.86
928 6.106 0.12
929 6.093 0.12
930 6.106 0.12
931 6.093 0.12
932 4.677 0.12
933 4.657 0.12
934 4.677 0.12
935 4.657 0.12
936 4.026 0.12
937 4.026 0.12
938 4.484 0.12
939 4.484 0.12
940 5.861 0.12
941 5.861 0.12
942 4.24 0.12
943 4.24 0.12
944 4.028 0.12
945 4.028 0.12
946 8.031 0.12
947 8.018 0.12
948 8.031 0.12
949 8.018 0.12
950 89.068 0.86
951 89.078 0.86
952 89.068 0.86
953 89.078 0.86
954 77.589 0.86
955 77.527 0.86
956 77.589 0.86
957 77.527 0.86
958 80.363 0.86
959 80.33 0.86
960 80.363 0.86
961 80.33 0.86
962 84.467 0.86
963 84.453 0.86
964 84.467 0.86
965 84.453 0.86
966 98.532 0.86
967 98.532 0.86
968 67.354 0.86
969 67.308 0.86
970 67.354 0.86
971 67.308 0.86
972 142.817 0.86
973 142.865 0.86
974 142.817 0.86
975 142.865 0.86
976 5.961 0.12
977 5.955 0.12
978 5.961 0.12
979 5.955 0.12
980 4.101 0.12
981 4.093 0.12
982 4.101 0.12
983 4.093 0.12
984 4.485 0.12
985 4.485 0.12
986 3.797 0.12
987 3.797 0.12
988 6.13 0.12
989 6.13 0.12
990 2.714 0.12
991 2.714 0.12
992 3.609 0.12
993 3.609 0.12
994 7.699 0.12
995 7.695 0.12
996 7.699 0.12
997 7.695 0.12
998 94.54 0.86
999 94.522 0.86
1000 94.54 0.86
1001 94.522 0.86
1002 77.32 0.86
1003 77.32 0.86
1004 75.894 0.86
1005 75.89 0.86
1006 75.894 0.86
1007 75.89 0.86
1008 83.155 0.86
1009 83.155 0.86
1010 69.009 0.86
1011 69.009 0.86
1012 142.945 0.86
1013 142.957 0.86
1014 142.945 0.86
1015 142.957 0.86
1016 5.966 0.12
1017 5.965 0.12
1018 5.966 0.12
1019 5.965 0.12
1020 4.836 0.12
1021 4.826 0.12
1022 4.836 0.12
1023 4.826 0.12
1024 5.634 0.12
1025 5.634 0.12
1026 4.409 0.12
1027 4.409 0.12
1028 4.192 0.12
1029 4.192 0.12
1030 4.414 0.12
1031 4.414 0.12
1032 7.864 0.12
1033 7.863 0.12
1034 7.864 0.12
1035 7.863 0.12
1036 93.181 0.86
1037 93.206 0.86
1038 93.181 0.86
1039 93.206 0.86
1040 75.602 0.86
1041 75.602 0.86
1042 74.397 0.86
1043 74.397 0.86
1044 83.064 0.86
1045 83.064 0.86
1046 69.79 0.86
1047 69.79 0.86
1048 138.847 0.86
1049 138.93 0.86
1050 138.847 0.86
1051 138.93 0.86
1052 4.442 0.12
1053 4.42 0.12
1054 4.442 0.12
1055 4.42 0.12
1056 4.473 0.12
1057 4.434 0.12
1058 4.473 0.12
1059 4.434 0.12
1060 4.246 0.12
1061 4.246 0.12
1062 4.392 0.12
1063 4.392 0.12
1064 4.491 0.12
1065 4.491 0.12
1066 4.277 0.12
1067 4.277 0.12
1068 8.311 0.12
1069 8.331 0.12
1070 8.311 0.12
1071 8.331 0.12
1072 93.999 0.86
1073 93.999 0.86
1074 75.197 0.86
1075 75.197 0.86
1076 71.96 0.86
1077 71.96 0.86
1078 96.925 0.86
1079 96.925 0.86
1080 141.322 0.86
1081 141.431 0.86
1082 141.322 0.86
1083 141.431 0.86
1084 5.52 0.12
1085 5.509 0.12
1086 5.52 0.12
1087 5.509 0.12
1088 4.464 0.12
1089 4.406 0.12
1090 4.464 0.12
1091 4.406 0.12
1092 4.417 0.12
1093 4.417 0.12
1094 5.276 0.12
1095 5.276 0.12
1096 4.02 0.12
1097 4.02 0.12
1098 7.664 0.12
1099 7.72 0.12
1100 7.664 0.12
1101 7.72 0.12
1102 93.729 0.86
1103 93.729 0.86
1104 75.415 0.86
1105 75.415 0.86
1106 72.323 0.86
1107 72.323 0.86
1108 103.821 0.86
1109 103.821 0.86
1110 141.561 0.86
1111 141.466 0.86
1112 141.561 0.86
1113 141.466 0.86
1114 5.55 0.12
1115 5.514 0.12
1116 5.55 0.12
1117 5.514 0.12
1118 4.623 0.12
1119 4.576 0.12
1120 4.623 0.12
1121 4.576 0.12
1122 4.555 0.12
1123 4.555 0.12
1124 4.5 0.12
1125 4.5 0.12
1126 5.469 0.12
1127 5.469 0.12
1128 4.096 0.12
1129 4.096 0.12
1130 7.827 0.12
1131 7.869 0.12
1132 7.827 0.12
1133 7.869 0.12
1134 92.632 0.86
1135 92.632 0.86
1136 75.202 0.86
1137 75.202 0.86
1138 136.349 0.86
1139 136.298 0.86
1140 136.349 0.86
1141 136.298 0.86
1142 5.733 0.12
1143 5.748 0.12
1144 5.733 0.12
1145 5.748 0.12
1146 4.532 0.12
1147 4.55 0.12
1148 4.532 0.12
1149 4.55 0.12
1150 4.515 0.12
1151 4.515 0.12
1152 4.5 0.12
1153 4.5 0.12
1154 4.129 0.12
1155 4.129 0.12
1156 7.697 0.12
1157 7.707 0.12
1158 7.697 0.12
1159 7.707 0.12
1160 92.527 0.86
1161 92.527 0.86
1162 153.996 0.86
1163 153.562 0.86
1164 153.996 0.86
1165 153.562 0.86
1166 139.444 0.86
1167 139.127 0.86
1168 139.444 0.86
1169 139.127 0.86
1170 5.958 0.12
1171 5.792 0.12
1172 5.958 0.12
1173 5.792 0.12
1174 7.759 0.12
1175 7.562 0.12
1176 7.759 0.12
1177 7.562 0.12
1178 4.534 0.12
1179 4.667 0.12
1180 4.534 0.12
1181 4.667 0.12
1182 7.755 0.12
1183 7.563 0.12
1184 7.755 0.12
1185 7.563 0.12
1186 90.097 0.86
1187 90.097 0.86
1188 135.698 0.86
1189 135.698 0.86
1190 5.312 0.12
1191 5.155 0.12
1192 5.312 0.12
1193 5.155 0.12
1194 4.619 0.12
1195 4.377 0.12
1196 4.619 0.12
1197 4.377 0.12
1198 7.482 0.12
1199 7.201 0.12
1200 7.482 0.12
1201 7.201 0.12
1202 92.731 0.86
1203 92.731 0.86
1204 153.275 0.86
1205 153.532 0.86
1206 153.275 0.86
1207 153.532 0.86
1208 75.497 0.86
1209 75.497 0.86
1210 72.7 0.86
1211 72.7 0.86
1212 139.493 0.86
1213 139.298 0.86
1214 139.493 0.86
1215 139.298 0.86
1216 5.937 0.12
1217 5.882 0.12
1218 5.937 0.12
1219 5.882 0.12
1220 7.469 0.12
1221 7.571 0.12
1222 7.469 0.12
1223 7.571 0.12
1224 4.589 0.12
1225 4.476 0.12
1226 4.589 0.12
1227 4.476 0.12
1228 4.64 0.12
1229 4.64 0.12
1230 7.794 0.12
1231 7.807 0.12
1232 7.794 0.12
1233 7.807 0.12
1234 76.938 0.86
1235 76.938 0.86
1236 135.53 0.86
1237 135.376 0.86
1238 135.53 0.86
1239 135.376 0.86
1240 4.295 0.12
1241 4.094 0.12
1242 4.295 0.12
1243 4.094 0.12
1244 4.307 0.12
1245 4.307 0.12
1246 4.004 0.12
1247 4.004 0.12
1248 7.093 0.12
1249 7.082 0.12
1250 7.093 0.12
1251 7.082 0.12
1252 93.796 0.86
1253 93.659 0.86
1254 93.796 0.86
1255 93.659 0.86
1256 75.554 0.86
1257 75.554 0.86
1258 72.528 0.86
1259 72.528 0.86
1260 97.223 0.86
1261 97.223 0.86
1262 140.553 0.86
1263 140.457 0.86
1264 140.553 0.86
1265 140.457 0.86
1266 5.413 0.12
1267 5.282 0.12
1268 5.413 0.12
1269 5.282 0.12
1270 4.366 0.12
1271 4.334 0.12
1272 4.366 0.12
1273 4.334 0.12
1274 4.19 0.12
1275 4.19 0.12
1276 5.073 0.12
1277 5.073 0.12
1278 7.281 0.12
1279 7.253 0.12
1280 7.281 0.12
1281 7.253 0.12
1282 93.782 0.86
1283 93.782 0.86
1284 75.562 0.86
1285 75.562 0.86
1286 73.425 0.86
1287 73.425 0.86
1288 82.742 0.86
1289 82.742 0.86
1290 104.389 0.86
1291 104.389 0.86
1292 141.432 0.86
1293 141.441 0.86
1294 141.432 0.86
1295 141.441 0.86
1296 5.517 0.12
1297 5.421 0.12
1298 5.517 0.12
1299 5.421 0.12
1300 4.082 0.12
1301 4.174 0.12
1302 4.082 0.12
1303 4.174 0.12
1304 4.407 0.12
1305 4.407 0.12
1306 4.32 0.12
1307 4.32 0.12
1308 5.473 0.12
1309 5.473 0.12
1310 7.616 0.12
1311 7.549 0.12
1312 7.616 0.12
1313 7.549 0.12
1314 89.809 0.86
1315 89.809 0.86
1316 154.062 0.86
1317 153.655 0.86
1318 154.062 0.86
1319 153.655 0.86
1320 76.616 0.86
1321 76.616 0.86
1322 74.412 0.86
1323 74.412 0.86
1324 84.891 0.86
1325 84.891 0.86
1326 141.007 0.86
1327 141.108 0.86
1328 141.007 0.86
1329 141.108 0.86
1330 5.747 0.12
1331 5.772 0.12
1332 5.747 0.12
1333 5.772 0.12
1334 7.062 0.12
1335 6.982 0.12
1336 7.062 0.12
1337 6.982 0.12
1338 4.32 0.12
1339 4.364 0.12
1340 4.32 0.12
1341 4.364 0.12
1342 4.665 0.12
1343 4.665 0.12
1344 4.297 0.12
1345 4.297 0.12
1346 4.237 0.12
1347 4.237 0.12
1348 4.077 0.12
1349 4.077 0.12
1350 8.013 0.12
1351 7.978 0.12
1352 8.013 0.12
1353 7.978 0.12
1354 90.734 0.86
1355 90.734 0.86
1356 154.688 0.86
1357 154.794 0.86
1358 154.688 0.86
1359 154.794 0.86
1360 75.994 0.86
1361 75.994 0.86
1362 84.69 0.86
1363 84.69 0.86
1364 66.861 0.86
1365 66.861 0.86
1366 141.882 0.86
1367 141.791 0.86
1368 141.882 0.86
1369 141.791 0.86
1370 5.983 0.12
1371 6.013 0.12
1372 5.983 0.12
1373 6.013 0.12
1374 8.003 0.12
1375 8.06 0.12
1376 8.003 0.12
1377 8.06 0.12
1378 4.88 0.12
1379 4.964 0.12
1380 4.88 0.12
1381 4.964 0.12
1382 4.921 0.12
1383 4.921 0.12
1384 4.599 0.12
1385 4.599 0.12
1386 4.402 0.12
1387 4.402 0.12
1388 4.179 0.12
1389 4.179 0.12
1390 8.267 0.12
1391 8.325 0.12
1392 8.267 0.12
1393 8.325 0.12
1394 92.201 0.86
1395 92.201 0.86
1396 138.236 0.86
1397 138.236 0.86
1398 5.678 0.12
1399 5.508 0.12
1400 5.678 0.12
1401 5.508 0.12
1402 4.705 0.12
1403 4.564 0.12
1404 4.705 0.12
1405 4.564 0.12
1406 4.545 0.12
1407 4.545 0.12
1408 7.944 0.12
1409 7.82 0.12
1410 7.944 0.12
1411 7.82 0.12
1412 93.855 0.86
1413 93.855 0.86
1414 75.611 0.86
1415 75.611 0.86
1416 72.518 0.86
1417 72.518 0.86
1418 82.346 0.86
1419 82.346 0.86
1420 103.426 0.86
1421 103.426 0.86
1422 141.617 0.86
1423 141.411 0.86
1424 141.617 0.86
1425 141.411 0.86
1426 5.505 0.12
1427 5.442 0.12
1428 5.505 0.12
1429 5.442 0.12
1430 4.416 0.12
1431 4.33 0.12
1432 4.416 0.12
1433 4.33 0.12
1434 4.48 0.12
1435 4.48 0.12
1436 4.472 0.12
1437 4.472 0.12
1438 5.357 0.12
1439 5.357 0.12
1440 7.75 0.12
1441 7.726 0.12
1442 7.75 0.12
1443 7.726 0.12
1444 93.702 0.86
1445 93.702 0.86
1446 75.293 0.86
1447 75.293 0.86
1448 72.448 0.86
1449 72.448 0.86
1450 82.54 0.86
1451 82.54 0.86
1452 103.39 0.86
1453 103.39 0.86
1454 142.588 0.86
1455 142.69 0.86
1456 142.588 0.86
1457 142.69 0.86
1458 5.66 0.12
1459 5.64 0.12
1460 5.66 0.12
1461 5.64 0.12
1462 4.462 0.12
1463 4.416 0.12
1464 4.462 0.12
1465 4.416 0.12
1466 4.544 0.12
1467 4.544 0.12
1468 4.406 0.12
1469 4.406 0.12
1470 5.58 0.12
1471 5.58 0.12
1472 4.084 0.12
1473 4.084 0.12
1474 8.038 0.12
1475 8.063 0.12
1476 8.038 0.12
1477 8.063 0.12
1478 94.107 0.86
1479 94.107 0.86
1480 75.656 0.86
1481 75.656 0.86
1482 72.215 0.86
1483 72.215 0.86
1484 97.462 0.86
1485 97.462 0.86
1486 141.881 0.86
1487 141.85 0.86
1488 141.881 0.86
1489 141.85 0.86
1490 5.552 0.12
1491 5.509 0.12
1492 5.552 0.12
1493 5.509 0.12
1494 4.191 0.12
1495 4.16 0.12
1496 4.191 0.12
1497 4.16 0.12
1498 4.472 0.12
1499 4.472 0.12
1500 5.654 0.12
1501 5.654 0.12
1502 4.079 0.12
1503 4.079 0.12
1504 7.89 0.12
1505 7.88 0.12
1506 7.89 0.12
1507 7.88 0.12
1508 92.727 0.86
1509 92.727 0.86
1510 77.537 0.86
1511 77.537 0.86
1512 69.802 0.86
1513 69.802 0.86
1514 83.525 0.86
1515 83.525 0.86
1516 98.018 0.86
1517 98.018 0.86
1518 141.809 0.86
1519 141.517 0.86
1520 141.809 0.86
1521 141.517 0.86
1522 5.707 0.12
1523 5.639 0.12
1524 5.707 0.12
1525 5.639 0.12
1526 3.975 0.12
1527 3.953 0.12
1528 3.975 0.12
1529 3.953 0.12
1530 4.155 0.12
1531 4.155 0.12
1532 4.152 0.12
1533 4.152 0.12
1534 5.473 0.12
1535 5.473 0.12
1536 4.021 0.12
1537 4.021 0.12
1538 7.642 0.12
1539 7.625 0.12
1540 7.642 0.12
1541 7.625 0.12
