# DATA=CS PRIOR=GAUSS
0 91.546 0.86
1 75.12 0.86
2 75.836 0.86
3 83.461 0.86
4 67.346 0.86
5 139.163 0.86
6 5.827 0.12
7 4.955 0.12
8 4.703 0.12
9 4.554 0.12
10 4.266 0.12
11 4.417 0.12
12 8.128 0.12
13 93.108 0.86
14 75.372 0.86
15 82.664 0.86
16 66.305 0.86
17 137.063 0.86
18 5.912 0.12
19 4.535 0.12
20 4.546 0.12
21 4.25 0.12
22 4.499 0.12
23 7.544 0.12
24 93.651 0.86
25 75.373 0.86
26 72.152 0.86
27 82.199 0.86
28 103.0 0.86
29 64.51 0.86
30 141.441 0.86
31 5.539 0.12
32 4.508 0.12
33 4.589 0.12
34 4.465 0.12
35 5.159 0.12
36 4.137 0.12
37 4.584 0.12
38 7.763 0.12
39 92.472 0.86
40 152.966 0.86
41 75.983 0.86
42 73.101 0.86
43 81.987 0.86
44 65.172 0.86
45 139.56 0.86
46 6.038 0.12
47 6.903 0.12
48 4.742 0.12
49 4.733 0.12
50 4.5 0.12
51 4.182 0.12
52 4.566 0.12
53 8.103 0.12
54 92.75 0.86
55 75.391 0.86
56 73.638 0.86
57 82.344 0.86
58 67.308 0.86
59 135.585 0.86
60 5.421 0.12
61 4.482 0.12
62 4.048 0.12
63 4.465 0.12
64 4.039 0.12
65 4.339 0.12
66 7.012 0.12
67 94.272 0.86
68 75.098 0.86
69 72.141 0.86
70 82.591 0.86
71 103.655 0.86
72 64.455 0.86
73 140.692 0.86
74 5.37 0.12
75 4.18 0.12
76 4.352 0.12
77 4.356 0.12
78 5.18 0.12
79 4.027 0.12
80 4.416 0.12
81 7.459 0.12
82 93.316 0.86
83 75.601 0.86
84 72.381 0.86
85 82.281 0.86
86 103.018 0.86
87 64.272 0.86
88 142.77 0.86
89 5.569 0.12
90 4.09 0.12
91 4.556 0.12
92 4.322 0.12
93 5.487 0.12
94 4.031 0.12
95 4.526 0.12
96 7.977 0.12
97 92.815 0.86
98 75.414 0.86
99 72.94 0.86
100 82.186 0.86
101 103.108 0.86
102 142.612 0.86
103 5.784 0.12
104 4.653 0.12
105 4.465 0.12
106 4.362 0.12
107 5.606 0.12
108 7.97 0.12
109 94.303 0.86
110 75.578 0.86
111 73.978 0.86
112 83.332 0.86
113 105.264 0.86
114 66.838 0.86
115 141.44 0.86
116 5.557 0.12
117 4.338 0.12
118 4.359 0.12
119 4.426 0.12
120 5.651 0.12
121 4.112 0.12
122 4.361 0.12
123 7.684 0.12
124 90.641 0.86
125 75.684 0.86
126 76.097 0.86
127 84.229 0.86
128 66.481 0.86
129 138.622 0.86
130 5.567 0.12
131 4.494 0.12
132 4.706 0.12
133 4.375 0.12
134 4.068 0.12
135 4.334 0.12
136 7.892 0.12
137 89.593 0.86
138 75.287 0.86
139 77.061 0.86
140 85.029 0.86
141 67.535 0.86
142 140.205 0.86
143 5.597 0.12
144 4.675 0.12
145 4.624 0.12
146 4.325 0.12
147 4.063 0.12
148 4.189 0.12
149 7.85 0.12
150 90.77 0.86
151 76.719 0.86
152 77.251 0.86
153 84.645 0.86
154 98.826 0.86
155 67.527 0.86
156 143.295 0.86
157 5.766 0.12
158 4.107 0.12
159 4.514 0.12
160 4.107 0.12
161 5.706 0.12
162 3.751 0.12
163 3.919 0.12
164 7.536 0.12
165 90.356 0.86
166 155.073 0.86
167 76.055 0.86
168 77.056 0.86
169 85.274 0.86
170 68.114 0.86
171 142.352 0.86
172 5.914 0.12
173 7.945 0.12
174 4.836 0.12
175 4.822 0.12
176 4.451 0.12
177 4.102 0.12
178 4.228 0.12
179 8.221 0.12
180 90.852 0.86
181 75.649 0.86
182 76.699 0.86
183 85.067 0.86
184 105.303 0.86
185 67.97 0.86
186 143.775 0.86
187 5.935 0.12
188 4.449 0.12
189 4.678 0.12
190 4.52 0.12
191 5.811 0.12
192 4.222 0.12
193 4.269 0.12
194 7.817 0.12
195 92.521 0.86
196 75.161 0.86
197 74.557 0.86
198 83.142 0.86
199 67.8 0.86
200 138.362 0.86
201 5.177 0.12
202 4.684 0.12
203 4.488 0.12
204 4.491 0.12
205 4.212 0.12
206 4.366 0.12
207 7.813 0.12
208 92.797 0.86
209 154.188 0.86
210 75.508 0.86
211 72.707 0.86
212 82.313 0.86
213 65.263 0.86
214 138.938 0.86
215 5.903 0.12
216 7.971 0.12
217 4.595 0.12
218 4.482 0.12
219 4.482 0.12
220 4.147 0.12
221 4.47 0.12
222 7.819 0.12
223 93.586 0.86
224 75.724 0.86
225 72.274 0.86
226 81.914 0.86
227 96.481 0.86
228 64.366 0.86
229 140.268 0.86
230 5.283 0.12
231 4.039 0.12
232 4.29 0.12
233 4.321 0.12
234 5.152 0.12
235 4.012 0.12
236 4.44 0.12
237 7.155 0.12
238 93.766 0.86
239 75.435 0.86
240 72.384 0.86
241 82.267 0.86
242 103.362 0.86
243 64.32 0.86
244 142.407 0.86
245 5.523 0.12
246 4.313 0.12
247 4.481 0.12
248 4.338 0.12
249 5.354 0.12
250 4.448 0.12
251 4.049 0.12
252 7.783 0.12
253 92.895 0.86
254 75.633 0.86
255 73.638 0.86
256 82.32 0.86
257 98.29 0.86
258 65.457 0.86
259 142.241 0.86
260 5.652 0.12
261 4.391 0.12
262 4.51 0.12
263 4.402 0.12
264 5.871 0.12
265 4.103 0.12
266 4.426 0.12
267 7.932 0.12
268 94.119 0.86
269 75.075 0.86
270 73.238 0.86
271 82.479 0.86
272 103.929 0.86
273 66.077 0.86
274 142.456 0.86
275 5.514 0.12
276 4.611 0.12
277 4.529 0.12
278 4.505 0.12
279 5.525 0.12
280 4.19 0.12
281 4.496 0.12
282 7.814 0.12
283 92.869 0.86
284 153.363 0.86
285 75.517 0.86
286 72.67 0.86
287 82.058 0.86
288 64.927 0.86
289 139.956 0.86
290 6.025 0.12
291 7.093 0.12
292 4.509 0.12
293 4.725 0.12
294 4.508 0.12
295 4.61 0.12
296 4.18 0.12
297 8.277 0.12
298 93.856 0.86
299 75.762 0.86
300 72.112 0.86
301 81.95 0.86
302 96.94 0.86
303 64.361 0.86
304 140.884 0.86
305 5.376 0.12
306 4.057 0.12
307 4.357 0.12
308 4.355 0.12
309 5.203 0.12
310 4.036 0.12
311 4.512 0.12
312 7.544 0.12
313 92.777 0.86
314 77.548 0.86
315 69.835 0.86
316 83.539 0.86
317 98.106 0.86
318 65.232 0.86
319 141.89 0.86
320 5.733 0.12
321 3.976 0.12
322 4.14 0.12
323 4.132 0.12
324 5.423 0.12
325 3.982 0.12
326 4.431 0.12
327 7.611 0.12
