# DATA=CS PRIOR=GAUSS
0 153.274 0.86
1 75.36 0.86
2 139.1 0.86
3 5.982 0.12
4 7.318 0.12
5 4.919 0.12
6 4.707 0.12
7 8.554 0.12
8 92.56 0.86
9 154.474 0.86
10 75.61 0.86
11 72.97 0.86
12 82.16 0.86
13 137.2 0.86
14 6.163 0.12
15 8.194 0.12
16 4.909 0.12
17 4.767 0.12
18 4.699 0.12
19 8.205 0.12
20 138.3 0.86
21 5.585 0.12
22 4.29 0.12
23 4.421 0.12
24 4.613 0.12
25 5.436 0.12
26 7.464 0.12
27 97.85 0.86
28 139.5 0.86
29 5.584 0.12
30 4.78 0.12
31 4.406 0.12
32 4.075 0.12
33 5.595 0.12
34 7.848 0.12
35 6.094 0.12
36 5.9 0.12
37 7.943 0.12
38 92.53 0.86
39 76.71 0.86
40 105.9 0.86
41 142.0 0.86
42 5.791 0.12
43 3.915 0.12
44 4.729 0.12
45 4.644 0.12
46 5.991 0.12
47 7.961 0.12
48 5.987 0.12
49 4.633 0.12
50 4.688 0.12
51 5.888 0.12
52 7.944 0.12
53 93.54 0.86
54 148.074 0.86
55 72.4 0.86
56 139.7 0.86
57 6.14 0.12
58 7.547 0.12
59 4.73 0.12
60 4.861 0.12
61 4.642 0.12
62 8.792 0.12
63 97.76 0.86
64 139.5 0.86
65 5.509 0.12
66 4.215 0.12
67 4.624 0.12
68 5.069 0.12
69 8.063 0.12
70 97.75 0.86
71 138.9 0.86
72 5.524 0.12
73 4.65 0.12
74 4.708 0.12
75 4.495 0.12
76 5.406 0.12
77 7.974 0.12
78 92.84 0.86
79 152.074 0.86
80 76.32 0.86
81 137.6 0.86
82 5.893 0.12
83 6.646 0.12
84 4.532 0.12
85 4.848 0.12
86 4.634 0.12
87 8.075 0.12
88 138.7 0.86
89 6.166 0.12
90 8.299 0.12
91 4.714 0.12
92 8.379 0.12
93 93.54 0.86
94 75.62 0.86
95 104.2 0.86
96 138.2 0.86
97 5.555 0.12
98 4.54 0.12
99 4.498 0.12
100 5.355 0.12
101 7.628 0.12
102 94.74 0.86
103 75.79 0.86
104 104.7 0.86
105 138.8 0.86
106 5.368 0.12
107 4.715 0.12
108 4.383 0.12
109 5.499 0.12
110 7.656 0.12
111 93.01 0.86
112 151.874 0.86
113 75.11 0.86
114 136.6 0.86
115 5.682 0.12
116 6.247 0.12
117 4.609 0.12
118 4.68 0.12
119 8.012 0.12
120 133.4 0.86
121 5.545 0.12
122 4.716 0.12
123 4.558 0.12
124 4.495 0.12
125 7.173 0.12
126 134.2 0.86
127 5.912 0.12
128 4.753 0.12
129 7.273 0.12
130 89.43 0.86
131 76.13 0.86
132 80.48 0.86
133 86.19 0.86
134 67.37 0.86
135 140.7 0.86
136 6.243 0.12
137 4.508 0.12
138 4.76 0.12
139 3.939 0.12
140 5.152 0.12
141 4.825 0.12
142 4.035 0.12
143 8.21 0.12
144 94.89 0.86
145 74.47 0.86
146 72.42 0.86
147 82.73 0.86
148 104.8 0.86
149 142.4 0.86
150 6.589 0.12
151 4.807 0.12
152 4.72 0.12
153 4.648 0.12
154 5.896 0.12
155 8.264 0.12
156 100.5 0.86
157 141.3 0.86
158 5.929 0.12
159 6.415 0.12
160 7.671 0.12
161 156.474 0.86
162 5.939 0.12
163 8.01 0.12
164 7.772 0.12
165 139.0 0.86
166 5.762 0.12
167 8.355 0.12
168 8.34 0.12
169 155.574 0.86
170 140.0 0.86
171 8.208 0.12
172 8.352 0.12
173 93.56 0.86
174 76.35 0.86
175 102.9 0.86
176 5.35 0.12
177 4.101 0.12
178 4.883 0.12
179 5.325 0.12
180 7.931 0.12
181 95.63 0.86
182 151.874 0.86
183 137.5 0.86
184 5.987 0.12
185 6.444 0.12
186 4.817 0.12
187 7.683 0.12
188 93.92 0.86
189 153.874 0.86
190 77.51 0.86
191 138.4 0.86
192 6.129 0.12
193 7.574 0.12
194 5.187 0.12
195 4.744 0.12
196 4.525 0.12
197 7.849 0.12
198 137.4 0.86
199 6.308 0.12
200 4.835 0.12
201 4.482 0.12
202 4.787 0.12
203 5.272 0.12
204 8.025 0.12
205 93.12 0.86
206 72.38 0.86
207 103.5 0.86
208 139.3 0.86
209 5.859 0.12
210 4.588 0.12
211 4.771 0.12
212 5.211 0.12
213 8.137 0.12
214 134.4 0.86
215 5.881 0.12
216 4.769 0.12
217 4.588 0.12
218 7.857 0.12
219 133.5 0.86
220 5.665 0.12
221 4.479 0.12
222 4.522 0.12
223 7.219 0.12
224 103.7 0.86
225 138.7 0.86
226 5.541 0.12
227 4.661 0.12
228 5.209 0.12
229 7.734 0.12
