# DATA=CS PRIOR=GAUSS
0 5.782 0.12
1 4.887 0.12
2 8.064 0.12
3 137.927 0.86
4 5.885 0.12
5 4.482 0.12
6 7.52 0.12
7 5.626 0.12
8 4.632 0.12
9 5.107 0.12
10 7.642 0.12
11 138.215 0.86
12 5.666 0.12
13 4.712 0.12
14 7.618 0.12
15 154.502 0.86
16 140.072 0.86
17 5.796 0.12
18 7.495 0.12
19 4.647 0.12
20 7.561 0.12
21 136.796 0.86
22 5.508 0.12
23 4.407 0.12
24 6.966 0.12
25 5.486 0.12
26 4.654 0.12
27 5.0 0.12
28 7.601 0.12
29 154.284 0.86
30 140.331 0.86
31 5.879 0.12
32 7.046 0.12
33 4.65 0.12
34 7.946 0.12
35 5.237 0.12
36 4.17 0.12
37 5.393 0.12
38 7.527 0.12
39 139.273 0.86
40 5.531 0.12
41 4.491 0.12
42 7.612 0.12
43 142.33 0.86
44 5.432 0.12
45 4.139 0.12
46 5.257 0.12
47 7.462 0.12
48 154.623 0.86
49 5.922 0.12
50 7.245 0.12
51 4.687 0.12
52 8.074 0.12
53 139.424 0.86
54 5.689 0.12
55 4.606 0.12
56 7.758 0.12
57 154.554 0.86
58 5.869 0.12
59 7.489 0.12
60 4.731 0.12
61 7.808 0.12
62 137.267 0.86
63 5.608 0.12
64 4.46 0.12
65 7.176 0.12
66 5.514 0.12
67 4.572 0.12
68 5.059 0.12
69 7.67 0.12
70 154.299 0.86
71 5.959 0.12
72 6.994 0.12
73 4.423 0.12
74 8.111 0.12
75 5.379 0.12
76 4.313 0.12
77 5.022 0.12
78 7.615 0.12
79 154.47 0.86
80 5.951 0.12
81 7.098 0.12
82 4.488 0.12
83 8.07 0.12
84 140.735 0.86
85 5.268 0.12
86 4.251 0.12
87 5.107 0.12
88 7.226 0.12
89 5.573 0.12
90 3.702 0.12
91 4.265 0.12
92 5.572 0.12
93 7.661 0.12
94 145.131 0.86
95 6.06 0.12
96 4.604 0.12
97 3.955 0.12
98 6.163 0.12
99 7.962 0.12
100 5.897 0.12
101 4.037 0.12
102 3.727 0.12
103 5.988 0.12
104 3.53 0.12
105 2.607 0.12
106 7.63 0.12
107 5.905 0.12
108 4.777 0.12
109 5.573 0.12
110 4.339 0.12
111 4.325 0.12
112 4.101 0.12
113 7.798 0.12
114 139.944 0.86
115 4.399 0.12
116 8.267 0.12
117 142.262 0.86
118 5.484 0.12
119 4.588 0.12
120 5.124 0.12
121 7.746 0.12
122 154.225 0.86
123 5.96 0.12
124 6.973 0.12
125 4.427 0.12
126 8.115 0.12
127 141.647 0.86
128 5.341 0.12
129 4.33 0.12
130 5.027 0.12
131 7.56 0.12
132 154.47 0.86
133 5.912 0.12
134 7.065 0.12
135 4.475 0.12
136 8.039 0.12
137 141.168 0.86
138 5.286 0.12
139 4.168 0.12
140 5.14 0.12
141 7.369 0.12
142 5.538 0.12
143 4.416 0.12
144 5.276 0.12
145 7.669 0.12
146 5.429 0.12
147 4.341 0.12
148 5.628 0.12
149 7.824 0.12
150 154.626 0.86
151 5.798 0.12
152 7.244 0.12
153 4.472 0.12
154 8.047 0.12
155 5.456 0.12
156 4.316 0.12
157 5.364 0.12
158 7.519 0.12
159 148.835 0.86
160 143.823 0.86
161 5.896 0.12
162 7.885 0.12
163 4.618 0.12
164 8.335 0.12
165 141.547 0.86
166 5.263 0.12
167 4.329 0.12
168 5.321 0.12
169 7.586 0.12
170 154.596 0.86
171 5.956 0.12
172 7.117 0.12
173 4.508 0.12
174 8.083 0.12
175 141.252 0.86
176 5.309 0.12
177 4.181 0.12
178 5.171 0.12
179 7.391 0.12
180 5.484 0.12
181 4.632 0.12
182 5.275 0.12
183 7.676 0.12
184 141.801 0.86
185 5.461 0.12
186 4.257 0.12
187 5.757 0.12
188 7.872 0.12
189 141.646 0.86
190 5.84 0.12
191 7.371 0.12
192 4.552 0.12
193 8.358 0.12
194 141.405 0.86
195 5.366 0.12
196 4.103 0.12
197 5.15 0.12
198 7.459 0.12
199 5.706 0.12
200 3.96 0.12
201 5.422 0.12
202 7.604 0.12
