# DATA=CS PRIOR=GAUSS
0 91.33 0.86
1 75.23 0.86
2 139.07 0.86
3 5.88 0.12
4 4.96 0.12
5 8.17 0.12
6 92.83 0.86
7 75.6 0.86
8 136.89 0.86
9 5.97 0.12
10 4.75 0.12
11 7.6 0.12
12 93.1 0.86
13 75.39 0.86
14 135.99 0.86
15 5.81 0.12
16 4.55 0.12
17 7.29 0.12
18 93.82 0.86
19 75.41 0.86
20 97.42 0.86
21 140.65 0.86
22 5.52 0.12
23 4.6 0.12
24 5.23 0.12
25 7.59 0.12
26 93.1 0.86
27 152.32 0.86
28 75.79 0.86
29 139.35 0.86
30 5.95 0.12
31 6.98 0.12
32 4.67 0.12
33 7.94 0.12
34 92.55 0.86
35 75.55 0.86
36 135.86 0.86
37 5.54 0.12
38 4.46 0.12
39 7.13 0.12
40 92.18 0.86
41 154.03 0.86
42 75.91 0.86
43 139.42 0.86
44 5.88 0.12
45 7.57 0.12
46 4.55 0.12
47 7.7 0.12
48 92.05 0.86
49 154.76 0.86
50 74.15 0.86
51 139.85 0.86
52 5.67 0.12
53 7.84 0.12
54 4.5 0.12
55 7.75 0.12
56 90.94 0.86
57 75.31 0.86
58 137.64 0.86
59 5.14 0.12
60 4.46 0.12
61 4.27 0.12
62 7.49 0.12
63 90.36 0.86
64 75.67 0.86
65 5.75 0.12
66 4.65 0.12
67 7.61 0.12
68 92.46 0.86
69 75.93 0.86
70 105.21 0.86
71 143.18 0.86
72 5.89 0.12
73 4.49 0.12
74 5.79 0.12
75 7.8 0.12
76 93.13 0.86
77 154.16 0.86
78 75.46 0.86
79 66.65 0.86
80 141.39 0.86
81 5.93 0.12
82 7.89 0.12
83 4.88 0.12
84 4.25 0.12
85 4.48 0.12
86 8.16 0.12
87 93.34 0.86
88 75.78 0.86
89 97.67 0.86
90 141.62 0.86
91 5.51 0.12
92 4.25 0.12
93 5.6 0.12
94 7.77 0.12
95 93.69 0.86
96 75.63 0.86
97 98.4 0.86
98 141.93 0.86
99 5.65 0.12
100 4.39 0.12
101 5.69 0.12
102 7.81 0.12
103 94.32 0.86
104 67.58 0.86
105 98.11 0.86
106 141.72 0.86
107 5.46 0.12
108 4.04 0.12
109 5.53 0.12
110 7.83 0.12
111 94.15 0.86
112 75.24 0.86
113 97.49 0.86
114 141.37 0.86
115 5.45 0.12
116 4.46 0.12
117 5.52 0.12
118 7.77 0.12
119 93.15 0.86
120 153.84 0.86
121 75.86 0.86
122 139.64 0.86
123 5.96 0.12
124 7.48 0.12
125 4.39 0.12
126 8.06 0.12
127 90.47 0.86
128 75.75 0.86
129 104.45 0.86
130 141.63 0.86
131 5.67 0.12
132 4.26 0.12
133 5.21 0.12
134 7.39 0.12
135 90.89 0.86
136 76.19 0.86
137 105.05 0.86
138 143.53 0.86
139 5.87 0.12
140 4.36 0.12
141 5.86 0.12
142 7.86 0.12
143 89.2 0.86
144 77.0 0.86
145 86.08 0.86
146 68.06 0.86
147 140.06 0.86
148 5.4 0.12
149 4.42 0.12
150 4.59 0.12
151 3.87 0.12
152 3.99 0.12
153 4.13 0.12
154 7.84 0.12
155 90.05 0.86
156 75.7 0.86
157 77.58 0.86
158 105.52 0.86
159 68.08 0.86
160 143.94 0.86
161 5.88 0.12
162 4.33 0.12
163 4.7 0.12
164 4.43 0.12
165 5.86 0.12
166 3.98 0.12
167 3.92 0.12
168 7.74 0.12
169 89.65 0.86
170 154.83 0.86
171 75.08 0.86
172 76.43 0.86
173 84.65 0.86
174 68.32 0.86
175 141.39 0.86
176 5.92 0.12
177 7.94 0.12
178 4.87 0.12
179 4.76 0.12
180 4.61 0.12
181 4.27 0.12
182 4.3 0.12
183 8.45 0.12
184 93.26 0.86
185 75.2 0.86
186 103.62 0.86
187 142.52 0.86
188 5.85 0.12
189 4.68 0.12
190 5.2 0.12
191 7.74 0.12
192 92.47 0.86
193 75.6 0.86
194 136.48 0.86
195 5.93 0.12
196 4.66 0.12
197 7.76 0.12
198 92.71 0.86
199 72.99 0.86
200 135.89 0.86
201 5.72 0.12
202 4.47 0.12
203 7.2 0.12
204 92.98 0.86
205 75.55 0.86
206 136.27 0.86
207 5.74 0.12
208 4.61 0.12
209 7.11 0.12
210 93.27 0.86
211 75.8 0.86
212 140.76 0.86
213 6.05 0.12
214 8.16 0.12
215 4.62 0.12
216 7.85 0.12
217 93.4 0.86
218 75.48 0.86
219 103.43 0.86
220 141.2 0.86
221 5.4 0.12
222 4.32 0.12
223 5.33 0.12
224 7.58 0.12
225 93.4 0.86
226 75.61 0.86
227 97.97 0.86
228 141.82 0.86
229 5.59 0.12
230 4.42 0.12
231 5.63 0.12
232 7.79 0.12
233 93.51 0.86
234 75.51 0.86
235 104.7 0.86
236 141.47 0.86
237 5.52 0.12
238 4.14 0.12
239 5.57 0.12
240 7.65 0.12
241 90.02 0.86
242 75.97 0.86
243 75.64 0.86
244 138.67 0.86
245 5.56 0.12
246 4.54 0.12
247 4.79 0.12
248 7.83 0.12
249 90.11 0.86
250 154.91 0.86
251 76.16 0.86
252 141.55 0.86
253 5.97 0.12
254 7.87 0.12
255 4.75 0.12
256 8.29 0.12
257 92.21 0.86
258 75.13 0.86
259 104.55 0.86
260 143.11 0.86
261 5.61 0.12
262 4.59 0.12
263 5.8 0.12
264 7.91 0.12
265 94.42 0.86
266 75.36 0.86
267 97.92 0.86
268 142.12 0.86
269 5.53 0.12
270 4.42 0.12
271 5.78 0.12
272 7.85 0.12
273 93.51 0.86
274 75.27 0.86
275 103.63 0.86
276 141.84 0.86
277 5.5 0.12
278 4.6 0.12
279 5.44 0.12
280 7.9 0.12
281 92.58 0.86
282 136.42 0.86
283 5.82 0.12
284 4.73 0.12
285 7.81 0.12
286 93.82 0.86
287 96.97 0.86
288 141.11 0.86
289 5.49 0.12
290 4.36 0.12
291 5.25 0.12
292 7.71 0.12
293 97.7 0.86
294 141.4 0.86
295 5.5 0.12
296 7.79 0.12
