# DATA=CS PRIOR=GAUSS
0 91.369 0.86
1 75.554 0.86
2 72.36 0.86
3 83.397 0.86
4 68.066 0.86
5 138.607 0.86
6 5.88 0.12
7 4.96 0.12
8 4.76 0.12
9 4.6 0.12
10 4.46 0.12
11 4.33 0.12
12 8.17 0.12
13 92.909 0.86
14 75.924 0.86
15 70.68 0.86
16 82.327 0.86
17 67.106 0.86
18 136.447 0.86
19 5.97 0.12
20 4.74 0.12
21 4.61 0.12
22 4.59 0.12
23 4.33 0.12
24 4.52 0.12
25 7.62 0.12
26 93.169 0.86
27 75.754 0.86
28 70.38 0.86
29 82.007 0.86
30 135.577 0.86
31 5.82 0.12
32 4.55 0.12
33 4.46 0.12
34 4.52 0.12
35 7.32 0.12
36 94.039 0.86
37 75.774 0.86
38 69.65 0.86
39 81.837 0.86
40 94.61 0.86
41 140.772 0.86
42 5.58 0.12
43 4.66 0.12
44 4.31 0.12
45 4.44 0.12
46 5.19 0.12
47 7.54 0.12
48 94.449 0.86
49 75.854 0.86
50 70.49 0.86
51 82.677 0.86
52 102.44 0.86
53 66.386 0.86
54 140.792 0.86
55 5.61 0.12
56 4.42 0.12
57 4.41 0.12
58 4.44 0.12
59 5.62 0.12
60 4.11 0.12
61 4.42 0.12
62 7.66 0.12
63 91.429 0.86
64 76.254 0.86
65 72.54 0.86
66 83.627 0.86
67 66.686 0.86
68 137.477 0.86
69 5.38 0.12
70 4.19 0.12
71 4.63 0.12
72 4.47 0.12
73 4.45 0.12
74 4.12 0.12
75 7.75 0.12
76 89.859 0.86
77 154.775 0.86
78 76.914 0.86
79 73.96 0.86
80 85.067 0.86
81 68.566 0.86
82 140.987 0.86
83 5.79 0.12
84 7.59 0.12
85 4.5 0.12
86 4.69 0.12
87 4.55 0.12
88 4.3 0.12
89 4.14 0.12
90 8.04 0.12
91 90.859 0.86
92 155.525 0.86
93 76.644 0.86
94 73.56 0.86
95 84.387 0.86
96 67.826 0.86
97 141.577 0.86
98 6.03 0.12
99 8.19 0.12
100 4.91 0.12
101 4.81 0.12
102 4.67 0.12
103 4.43 0.12
104 4.27 0.12
105 8.39 0.12
106 92.349 0.86
107 75.774 0.86
108 71.46 0.86
109 82.887 0.86
110 67.476 0.86
111 137.757 0.86
112 5.65 0.12
113 4.79 0.12
114 4.66 0.12
115 4.6 0.12
116 4.48 0.12
117 4.3 0.12
118 7.89 0.12
119 93.039 0.86
120 73.554 0.86
121 72.67 0.86
122 82.187 0.86
123 66.526 0.86
124 136.147 0.86
125 5.66 0.12
126 4.55 0.12
127 4.71 0.12
128 4.55 0.12
129 4.19 0.12
130 4.49 0.12
131 7.33 0.12
132 93.409 0.86
133 154.105 0.86
134 72.854 0.86
135 82.067 0.86
136 65.446 0.86
137 138.787 0.86
138 6.05 0.12
139 7.88 0.12
140 4.51 0.12
141 4.57 0.12
142 4.61 0.12
143 4.17 0.12
144 7.72 0.12
145 93.169 0.86
146 76.204 0.86
147 70.22 0.86
148 101.57 0.86
149 65.166 0.86
150 140.192 0.86
151 5.39 0.12
152 4.26 0.12
153 4.53 0.12
154 5.4 0.12
155 4.52 0.12
156 4.11 0.12
157 7.48 0.12
158 92.669 0.86
159 75.994 0.86
160 82.077 0.86
161 66.536 0.86
162 136.467 0.86
163 5.79 0.12
164 4.64 0.12
165 4.47 0.12
166 4.5 0.12
167 4.18 0.12
168 7.77 0.12
169 93.379 0.86
170 75.894 0.86
171 70.04 0.86
172 82.387 0.86
173 65.706 0.86
174 135.827 0.86
175 5.7 0.12
176 4.38 0.12
177 4.62 0.12
178 4.39 0.12
179 4.46 0.12
180 4.15 0.12
181 7.3 0.12
182 92.229 0.86
183 154.835 0.86
184 76.284 0.86
185 71.22 0.86
186 83.367 0.86
187 65.326 0.86
188 141.427 0.86
189 5.78 0.12
190 7.98 0.12
191 4.73 0.12
192 4.46 0.12
193 4.26 0.12
194 4.27 0.12
195 3.95 0.12
196 8.26 0.12
197 91.939 0.86
198 76.004 0.86
199 71.87 0.86
200 83.207 0.86
201 66.296 0.86
202 137.207 0.86
203 5.21 0.12
204 4.36 0.12
205 4.64 0.12
206 4.33 0.12
207 4.16 0.12
208 3.99 0.12
209 7.63 0.12
210 91.649 0.86
211 155.825 0.86
212 77.014 0.86
213 71.04 0.86
214 82.777 0.86
215 66.416 0.86
216 140.157 0.86
217 6.11 0.12
218 8.26 0.12
219 4.62 0.12
220 4.92 0.12
221 4.5 0.12
222 4.56 0.12
223 4.28 0.12
224 8.26 0.12
225 94.069 0.86
226 74.944 0.86
227 72.65 0.86
228 82.307 0.86
229 96.79 0.86
230 68.946 0.86
231 141.752 0.86
232 4.17 0.12
233 4.18 0.12
234 4.5 0.12
235 4.26 0.12
236 6.08 0.12
237 4.28 0.12
238 7.88 0.12
239 93.829 0.86
240 74.104 0.86
241 82.427 0.86
242 67.866 0.86
243 137.287 0.86
244 5.77 0.12
245 4.25 0.12
246 4.48 0.12
247 4.48 0.12
248 4.38 0.12
249 4.09 0.12
250 7.67 0.12
251 93.999 0.86
252 75.784 0.86
253 69.3 0.86
254 100.18 0.86
255 141.392 0.86
256 5.54 0.12
257 4.43 0.12
258 4.54 0.12
259 5.2 0.12
260 7.77 0.12
261 94.319 0.86
262 75.924 0.86
263 69.72 0.86
264 94.98 0.86
265 141.532 0.86
266 5.61 0.12
267 4.49 0.12
268 4.42 0.12
269 5.61 0.12
270 7.8 0.12
271 93.589 0.86
272 76.084 0.86
273 70.75 0.86
274 101.9 0.86
275 64.746 0.86
276 141.372 0.86
277 5.7 0.12
278 4.39 0.12
279 4.65 0.12
280 5.55 0.12
281 4.53 0.12
282 4.13 0.12
283 7.76 0.12
284 89.389 0.86
285 155.395 0.86
286 75.814 0.86
287 74.31 0.86
288 84.397 0.86
289 68.066 0.86
290 140.707 0.86
291 5.91 0.12
292 7.49 0.12
293 4.75 0.12
294 4.79 0.12
295 4.72 0.12
296 4.37 0.12
297 4.26 0.12
298 8.2 0.12
299 93.069 0.86
300 75.404 0.86
301 71.91 0.86
302 83.027 0.86
303 69.186 0.86
304 137.597 0.86
305 5.77 0.12
306 4.84 0.12
307 4.51 0.12
308 4.63 0.12
309 4.41 0.12
310 4.39 0.12
311 7.92 0.12
312 93.209 0.86
313 65.586 0.86
314 135.937 0.86
315 5.82 0.12
316 4.51 0.12
317 4.22 0.12
318 4.59 0.12
319 7.42 0.12
320 94.109 0.86
321 81.837 0.86
322 94.52 0.86
323 141.032 0.86
324 5.61 0.12
325 4.48 0.12
326 5.31 0.12
327 7.73 0.12
328 94.589 0.86
329 75.954 0.86
330 95.21 0.86
331 141.402 0.86
332 5.58 0.12
333 4.33 0.12
334 4.52 0.12
335 5.59 0.12
336 7.84 0.12
337 92.999 0.86
338 70.164 0.86
339 74.91 0.86
340 83.457 0.86
341 95.5 0.86
342 65.866 0.86
343 141.862 0.86
344 5.81 0.12
345 4.23 0.12
346 4.05 0.12
347 4.22 0.12
348 5.59 0.12
349 4.53 0.12
350 4.08 0.12
351 7.74 0.12
